0.00876
0.00882
0.00876
0.00816
0.00774
0.00834
0.00876
0.00846
0.00834
0.00828
0.0081
0.00798
0.0081
0.0087
0.00912
0.00864
0.00798
0.0081
0.00816
0.00822
0.00876
0.00912
0.00882
0.00822
0.00774
0.00798
0.00852
0.00846
0.00828
0.0081
0.00786
0.00792
0.0084
0.00882
0.009
0.0087
0.00816
0.00828
0.0084
0.00834
0.00864
0.00906
0.00882
0.0081
0.00768
0.00804
0.00852
0.00852
0.0084
0.00822
0.00804
0.00798
0.00804
0.00852
0.009
0.0087
0.00816
0.00816
0.00834
0.00846
0.00876
0.00894
0.0087
0.00798
0.00774
0.00816
0.00864
0.00864
0.00846
0.00822
0.00804
0.00792
0.00816
0.00876
0.00894
0.00858
0.00828
0.00828
0.00834
0.00852
0.00888
0.00906
0.00882
0.00822
0.0078
0.0081
0.00846
0.0084
0.0084
0.00852
0.0084
0.00822
0.0084
0.00876
0.00888
0.00864
0.00828
0.00822
0.00828
0.00834
0.0087
0.009
0.00882
0.00816
0.00774
0.0081
0.00858
0.00864
0.00846
0.00828
0.0081
0.0081
0.00816
0.00882
0.00912
0.00846
0.00798
0.0084
0.00852
0.0087
0.009
0.009
0.00864
0.00798
0.00768
0.00828
0.009
0.00882
0.0087
0.0087
0.00816
0.0078
0.00804
0.00876
0.00918
0.0087
0.00822
0.00828
0.00822
0.00822
0.00864
0.00882
0.00852
0.0081
0.00792
0.0084
0.00882
0.00858
0.00828
0.00822
0.00804
0.00792
0.00828
0.00882
0.009
0.0087
0.00834
0.0084
0.00852
0.00852
0.00858
0.00882
0.00882
0.00834
0.00804
0.00846
0.00876
0.00858
0.00858
0.00852
0.00816
0.00798
0.00834
0.009
0.00912
0.00834
0.00786
0.00816
0.00834
0.00846
0.00876
0.00888
0.00852
0.00798
0.00768
0.0081
0.00858
0.00858
0.00858
0.00852
0.00822
0.00804
0.00816
0.00864
0.00888
0.00852
0.00828
0.00846
0.00852
0.0087
0.00894
0.00888
0.00852
0.00792
0.00762
0.00804
0.00846
0.00834
0.00834
0.00834
0.00798
0.00804
0.00846
0.00888
0.0093
0.00888
0.00816
0.00822
0.00852
0.00852
0.00882
0.00906
0.0087
0.00798
0.00762
0.00804
0.00846
0.0084
0.00852
0.00852
0.0081
0.00792
0.0084
0.00906
0.00912
0.0084
0.0081
0.00828
0.00828
0.00852
0.00888
0.009
0.00864
0.00786
0.00762
0.00834
0.00864
0.0084
0.00846
0.0084
0.00804
0.0081
0.00834
0.0087
0.00876
0.0084
0.00828
0.0084
0.00834
0.00858
0.00894
0.00882
0.0084
0.00792
0.00768
0.00816
0.00858
0.00852
0.00852
0.00846
0.00816
0.0081
0.0084
0.00894
0.009
0.00852
0.0084
0.00858
0.00852
0.00846
0.00888
0.009
0.00858
0.0081
0.0078
0.0081
0.00846
0.0084
0.00846
0.00864
0.00828
0.00786
0.00816
0.009
0.00924
0.00882
0.00852
0.00858
0.00846
0.00834
0.0084
0.00858
0.00834
0.00774
0.00792
0.0087
0.00876
0.0084
0.00834
0.00822
0.0081
0.00846
0.00888
0.00918
0.00888
0.00786
0.00744
0.00804
0.0084
0.00882
0.00924
0.00912
0.00864
0.00798
0.00768
0.00828
0.0087
0.0084
0.00822
0.00804
0.0075
0.0075
0.00822
0.00918
0.00966
0.0093
0.00876
0.0084
0.00816
0.00816
0.00858
0.00882
0.00834
0.00792
0.00804
0.00846
0.00864
0.00834
0.00798
0.00786
0.00762
0.00768
0.0084
0.00912
0.00906
0.00834
0.00792
0.00804
0.00822
0.00852
0.009
0.0093
0.009
0.00822
0.00774
0.00804
0.00828
0.0081
0.00798
0.0081
0.00822
0.00834
0.00864
0.00924
0.00918
0.00834
0.00798
0.00804
0.00804
0.00846
0.00888
0.00894
0.00894
0.0084
0.00792
0.0084
0.00876
0.0084
0.00822
0.00798
0.00738
0.00738
0.00798
0.00858
0.009
0.00888
0.0087
0.00882
0.00894
0.00894
0.00906
0.00882
0.00822
0.00756
0.00732
0.00792
0.00852
0.00846
0.00834
0.00828
0.00792
0.00798
0.00876
0.00942
0.0093
0.00876
0.00822
0.00816
0.00822
0.00816
0.00816
0.00834
0.00828
0.00792
0.0081
0.00858
0.0087
0.00852
0.00852
0.00846
0.00834
0.00828
0.0084
0.00888
0.00906
0.00828
0.00786
0.0081
0.0081
0.0084
0.00882
0.00882
0.00864
0.0081
0.00792
0.00864
0.00894
0.00852
0.0084
0.00852
0.0081
0.0078
0.00822
0.00876
0.00876
0.00816
0.00816
0.0087
0.00882
0.00882
0.00924
0.00918
0.00846
0.00786
0.0078
0.00816
0.0084
0.00834
0.00834
0.0084
0.00816
0.00816
0.00864
0.00912
0.00894
0.00822
0.00786
0.00804
0.00816
0.00828
0.00852
0.00876
0.0084
0.00786
0.00804
0.00864
0.00888
0.00876
0.00858
0.00822
0.00792
0.00786
0.00828
0.009
0.00906
0.00858
0.0084
0.0084
0.0084
0.00846
0.00852
0.00858
0.00834
0.00768
0.00768
0.00846
0.00876
0.00852
0.0087
0.0087
0.00822
0.0081
0.0084
0.009
0.00912
0.0084
0.0081
0.0084
0.00834
0.00846
0.00906
0.00918
0.00876
0.00798
0.00768
0.00828
0.00846
0.00798
0.00804
0.00822
0.00804
0.00816
0.00876
0.0093
0.00924
0.0087
0.00834
0.00822
0.00816
0.00822
0.00846
0.00852
0.00822
0.0078
0.00804
0.00882
0.00894
0.0087
0.00858
0.00834
0.00792
0.0078
0.00828
0.00894
0.00894
0.00846
0.0084
0.0084
0.0084
0.0087
0.009
0.00894
0.00852
0.00798
0.0081
0.00864
0.00852
0.00816
0.00822
0.00816
0.00792
0.00804
0.00828
0.00876
0.00894
0.0084
0.00816
0.00846
0.00834
0.0084
0.00882
0.00888
0.00852
0.0081
0.00792
0.0084
0.0087
0.00846
0.00834
0.00816
0.00792
0.00804
0.00852
0.009
0.009
0.00846
0.00828
0.00846
0.00852
0.0087
0.00888
0.00876
0.00828
0.00768
0.00786
0.00852
0.00864
0.0084
0.00834
0.00822
0.00816
0.00828
0.00882
0.00936
0.00924
0.00858
0.00822
0.00822
0.00828
0.00852
0.00882
0.00882
0.00846
0.00798
0.00804
0.00852
0.00858
0.00852
0.00858
0.00822
0.00786
0.0081
0.00858
0.009
0.00888
0.00828
0.00828
0.00852
0.00846
0.00864
0.00906
0.00888
0.00834
0.0078
0.0078
0.00852
0.00876
0.0084
0.00834
0.00834
0.00816
0.00822
0.00852
0.00882
0.00888
0.0084
0.00798
0.00822
0.00846
0.00864
0.00888
0.00888
0.00834
0.0078
0.00798
0.00852
0.00852
0.00852
0.00864
0.0084
0.00804
0.0081
0.00852
0.00906
0.009
0.0084
0.00822
0.00822
0.00822
0.00858
0.00894
0.00888
0.0084
0.0078
0.0081
0.00876
0.00864
0.00834
0.00852
0.00852
0.00822
0.00816
0.00852
0.00894
0.00882
0.00846
0.00852
0.00852
0.00846
0.00888
0.00906
0.00882
0.0084
0.00792
0.00798
0.0084
0.00846
0.0084
0.00846
0.00834
0.00822
0.00834
0.00852
0.00912
0.00906
0.00834
0.00834
0.00876
0.00858
0.00858
0.00876
0.00876
0.0084
0.00792
0.00798
0.00852
0.00882
0.00864
0.0084
0.00828
0.00798
0.00786
0.00858
0.0093
0.009
0.00834
0.00822
0.00846
0.00864
0.00882
0.00906
0.00894
0.0084
0.00804
0.00828
0.0087
0.00852
0.00822
0.0084
0.00846
0.0084
0.00834
0.0084
0.00882
0.00894
0.00846
0.00846
0.00846
0.00822
0.0087
0.00906
0.00894
0.00852
0.00768
0.00774
0.00858
0.00876
0.00876
0.00876
0.00822
0.00786
0.00822
0.00882
0.00906
0.0084
0.00792
0.00834
0.00882
0.00882
0.00876
0.00888
0.009
0.00858
0.00792
0.00786
0.00822
0.00852
0.00858
0.00852
0.00816
0.0078
0.00792
0.00882
0.00948
0.00918
0.00858
0.00834
0.0084
0.00852
0.00864
0.00888
0.00894
0.00822
0.00786
0.0084
0.00882
0.00876
0.00846
0.00828
0.00816
0.00798
0.00798
0.00852
0.00906
0.00876
0.00816
0.00828
0.00876
0.00858
0.00846
0.00894
0.00882
0.00804
0.00774
0.00798
0.00858
0.00888
0.00864
0.00876
0.00852
0.00798
0.00828
0.00882
0.009
0.0087
0.00786
0.00792
0.00846
0.00858
0.00876
0.00894
0.00882
0.00852
0.00792
0.00804
0.00864
0.00858
0.00834
0.0084
0.00834
0.00804
0.00798
0.00858
0.00912
0.00882
0.00834
0.00828
0.00846
0.00852
0.00882
0.00918
0.00888
0.0081
0.00768
0.00804
0.00876
0.00888
0.00834
0.0081
0.00822
0.00816
0.00834
0.00876
0.00894
0.00888
0.0087
0.00852
0.00822
0.00816
0.00876
0.00918
0.00888
0.00834
0.00774
0.00798
0.00876
0.00888
0.00852
0.00822
0.00774
0.00774
0.00816
0.00876
0.00954
0.00936
0.00828
0.00792
0.0084
0.00876
0.00888
0.00882
0.00852
0.00816
0.00798
0.00816
0.0084
0.0084
0.00828
0.0084
0.00834
0.00792
0.00804
0.00882
0.00936
0.00894
0.00834
0.00834
0.00858
0.00864
0.00888
0.00894
0.00852
0.00804
0.0078
0.00804
0.0084
0.0084
0.00834
0.00834
0.00828
0.00816
0.00816
0.0087
0.00936
0.009
0.00834
0.00828
0.0084
0.00858
0.00894
0.00888
0.00852
0.0081
0.0078
0.00816
0.00846
0.00828
0.00828
0.00852
0.00834
0.0081
0.0081
0.00858
0.0093
0.00912
0.00852
0.0084
0.0084
0.00846
0.00888
0.00894
0.00834
0.00774
0.0078
0.00822
0.00858
0.00846
0.00834
0.0087
0.00852
0.00792
0.00798
0.00864
0.00918
0.00888
0.00804
0.00804
0.00822
0.00852
0.00894
0.00888
0.00864
0.0081
0.00774
0.0084
0.00852
0.0081
0.00816
0.00828
0.00834
0.00816
0.00774
0.0084
0.00936
0.00906
0.00864
0.0087
0.0087
0.00888
0.00882
0.00846
0.00846
0.00786
0.0072
0.00786
0.00858
0.00846
0.00858
0.00864
0.0084
0.00852
0.00864
0.00876
0.00918
0.00906
0.00822
0.00834
0.00876
0.00834
0.00822
0.00864
0.00846
0.00798
0.0078
0.00822
0.00864
0.00858
0.0087
0.009
0.00846
0.0078
0.00804
0.00846
0.00876
0.00858
0.00816
0.00822
0.00834
0.00858
0.00882
0.00864
0.00846
0.00816
0.00792
0.0081
0.00834
0.0084
0.00846
0.0081
0.00792
0.00798
0.00822
0.00882
0.00918
0.0087
0.00846
0.00858
0.00846
0.00852
0.00888
0.009
0.00864
0.00792
0.00732
0.00768
0.00834
0.0084
0.00846
0.00852
0.00834
0.00846
0.00906
0.00936
0.00942
0.00888
0.0081
0.00792
0.0081
0.00816
0.00852
0.00882
0.00876
0.00858
0.00822
0.00834
0.00876
0.00852
0.00834
0.0084
0.0081
0.0078
0.00798
0.00876
0.00918
0.00888
0.00846
0.00834
0.00852
0.00882
0.00882
0.00876
0.00858
0.0078
0.00744
0.00816
0.0087
0.00858
0.00858
0.00852
0.00816
0.00798
0.00828
0.00888
0.00906
0.00864
0.00834
0.0084
0.0084
0.00858
0.00888
0.00894
0.0087
0.00804
0.00762
0.00822
0.00864
0.00822
0.00822
0.0084
0.00798
0.00786
0.00828
0.00894
0.00924
0.00864
0.00816
0.0084
0.00852
0.00846
0.00882
0.00906
0.00876
0.00816
0.00774
0.00804
0.0084
0.00828
0.0084
0.00858
0.00822
0.0078
0.00798
0.00858
0.00894
0.00876
0.0084
0.0084
0.00846
0.00864
0.00888
0.00894
0.0087
0.00822
0.00798
0.00828
0.0084
0.00822
0.00822
0.00828
0.0081
0.00798
0.00828
0.00894
0.0093
0.00876
0.00828
0.00846
0.00858
0.00858
0.0087
0.00888
0.0087
0.00804
0.00762
0.00798
0.0084
0.0084
0.00834
0.00828
0.00822
0.00822
0.00834
0.00894
0.00918
0.0087
0.00828
0.00834
0.0084
0.00852
0.00876
0.00882
0.00858
0.00804
0.00768
0.0081
0.0087
0.00864
0.00852
0.00852
0.00822
0.0081
0.00834
0.00888
0.00918
0.00864
0.00804
0.00828
0.00846
0.00846
0.00882
0.009
0.00852
0.00798
0.00786
0.00834
0.00864
0.00852
0.00846
0.00834
0.00828
0.00828
0.0084
0.00894
0.00918
0.00864
0.00828
0.00834
0.00828
0.00834
0.00864
0.00888
0.00864
0.00804
0.0078
0.00834
0.00894
0.00888
0.0087
0.00864
0.00828
0.00798
0.0081
0.00864
0.00894
0.00858
0.00828
0.00846
0.00846
0.00846
0.00882
0.00894
0.00852
0.00792
0.00774
0.00834
0.00876
0.00852
0.00846
0.00852
0.00816
0.00786
0.00822
0.00888
0.00918
0.0087
0.00816
0.00822
0.00834
0.00834
0.00876
0.00894
0.00852
0.00804
0.00798
0.00846
0.00894
0.00888
0.00864
0.00846
0.00834
0.0081
0.00792
0.00828
0.00852
0.00792
0.0078
0.00852
0.0087
0.0087
0.00924
0.00966
0.00912
0.00816
0.00804
0.0084
0.00846
0.00852
0.00852
0.00834
0.00834
0.0081
0.00798
0.00894
0.00948
0.00858
0.00852
0.00912
0.00876
0.00888
0.0093
0.00888
0.00876
0.00852
0.00768
0.00798
0.00858
0.00804
0.00798
0.00846
0.00798
0.00768
0.0084
0.00876
0.0087
0.0087
0.0084
0.00834
0.00864
0.00894
0.0093
0.00978
0.00918
0.00822
0.00822
0.00852
0.00846
0.0084
0.00816
0.00762
0.00738
0.0075
0.00792
0.0087
0.00888
0.0084
0.00852
0.009
0.00894
0.00924
0.00966
0.00924
0.00876
0.00834
0.00798
0.00846
0.0087
0.00798
0.0078
0.00816
0.00798
0.00774
0.00828
0.00876
0.00882
0.00876
0.00858
0.00852
0.00888
0.009
0.00888
0.00912
0.00894
0.00804
0.00786
0.00858
0.00834
0.00792
0.00834
0.00828
0.0078
0.00804
0.00846
0.00894
0.00948
0.00894
0.00816
0.0087
0.00894
0.00858
0.00888
0.00906
0.00852
0.00834
0.00816
0.00792
0.0081
0.0081
0.0081
0.00846
0.00846
0.0078
0.0081
0.00888
0.00876
0.00846
0.00858
0.0084
0.00822
0.00876
0.00924
0.00918
0.0087
0.00798
0.00762
0.00822
0.00852
0.0081
0.00816
0.00828
0.00786
0.00786
0.00852
0.00942
0.0096
0.00882
0.0084
0.0087
0.00846
0.00834
0.0087
0.00876
0.00846
0.0078
0.0075
0.00822
0.00882
0.00876
0.00876
0.00876
0.00828
0.0081
0.00852
0.00912
0.00918
0.0087
0.00834
0.00846
0.0084
0.0084
0.00858
0.00858
0.0081
0.00762
0.00756
0.00816
0.00858
0.00858
0.00864
0.00846
0.0081
0.0081
0.00864
0.0093
0.0093
0.00858
0.00816
0.00846
0.00852
0.0084
0.00876
0.00882
0.00816
0.00756
0.00768
0.00828
0.00888
0.00876
0.00828
0.00816
0.00816
0.0081
0.0087
0.0093
0.00888
0.00834
0.00822
0.00828
0.0087
0.00876
0.00846
0.00876
0.0087
0.00792
0.0081
0.00858
0.00858
0.0087
0.0087
0.00846
0.00846
0.00816
0.00822
0.00906
0.00888
0.00816
0.0084
0.0084
0.00804
0.00852
0.00894
0.00894
0.00882
0.0081
0.00774
0.00846
0.00882
0.00858
0.00882
0.00858
0.0078
0.00786
0.0084
0.00864
0.00882
0.00852
0.00798
0.00804
0.00852
0.00858
0.00876
0.00912
0.00858
0.00786
0.0081
0.00864
0.00864
0.00858
0.00888
0.00846
0.00768
0.00768
0.00828
0.009
0.009
0.0084
0.0081
0.00822
0.00834
0.00852
0.00882
0.00894
0.00864
0.0081
0.00792
0.00834
0.00858
0.00846
0.00852
0.00828
0.00768
0.00774
0.00828
0.00876
0.00888
0.00834
0.00828
0.0087
0.00864
0.00846
0.00882
0.00888
0.0084
0.00792
0.00798
0.00852
0.00858
0.00822
0.0084
0.00846
0.00804
0.00792
0.0084
0.009
0.009
0.00858
0.0084
0.00852
0.00852
0.0087
0.00888
0.00882
0.00846
0.00792
0.00792
0.00834
0.00858
0.00852
0.0084
0.00816
0.00804
0.00804
0.00846
0.00906
0.00888
0.00846
0.00858
0.00876
0.00864
0.00876
0.00894
0.00888
0.00834
0.00762
0.00756
0.00816
0.00852
0.0084
0.00852
0.00846
0.00804
0.00798
0.00858
0.00924
0.00918
0.00858
0.00846
0.00858
0.00816
0.00822
0.00882
0.0087
0.00816
0.00786
0.00792
0.00852
0.0087
0.00828
0.00834
0.00834
0.00804
0.00816
0.00876
0.00936
0.00918
0.00846
0.00846
0.00858
0.00834
0.00858
0.00918
0.00924
0.00852
0.00768
0.00804
0.00876
0.0087
0.00834
0.00834
0.0084
0.00828
0.00804
0.00834
0.00906
0.00894
0.00822
0.00816
0.00852
0.00852
0.00846
0.009
0.00924
0.0084
0.00762
0.00792
0.00876
0.00888
0.00858
0.00858
0.0084
0.00798
0.00804
0.00858
0.00924
0.00906
0.00822
0.00816
0.0084
0.00828
0.00846
0.00894
0.00894
0.00846
0.00798
0.00792
0.0084
0.00864
0.00858
0.00876
0.0084
0.00786
0.00816
0.00882
0.00912
0.00882
0.00852
0.00846
0.00852
0.00864
0.0087
0.00882
0.00876
0.0084
0.00786
0.00798
0.00864
0.0087
0.00834
0.0084
0.0084
0.0081
0.00804
0.00858
0.00924
0.009
0.00834
0.00846
0.00858
0.00846
0.00882
0.009
0.00876
0.0084
0.00798
0.00798
0.00846
0.0087
0.00852
0.00828
0.0081
0.00816
0.00828
0.00852
0.00918
0.00918
0.0084
0.00828
0.0087
0.00858
0.00852
0.00888
0.00882
0.00816
0.0078
0.0081
0.00858
0.00858
0.00846
0.00852
0.00834
0.00798
0.0081
0.00846
0.00888
0.00906
0.00858
0.00822
0.0084
0.00852
0.00864
0.00882
0.00882
0.00834
0.00774
0.00786
0.00846
0.00852
0.00834
0.00846
0.00828
0.00786
0.00792
0.00852
0.00912
0.00888
0.00846
0.0084
0.00828
0.00816
0.00858
0.00876
0.00858
0.00828
0.0078
0.00792
0.00846
0.00852
0.00834
0.0084
0.00834
0.00798
0.00804
0.0087
0.00924
0.00906
0.00864
0.00858
0.00852
0.00846
0.00882
0.00912
0.00876
0.00828
0.00792
0.00798
0.0084
0.00846
0.00846
0.00858
0.0084
0.00798
0.0081
0.00864
0.00912
0.00894
0.00834
0.00822
0.00846
0.0084
0.00858
0.00894
0.00876
0.00828
0.00792
0.00816
0.0087
0.0087
0.00846
0.00828
0.0081
0.00792
0.00786
0.00846
0.00918
0.009
0.0084
0.00834
0.0084
0.00834
0.0087
0.00906
0.00894
0.00834
0.00786
0.00804
0.00852
0.00846
0.0084
0.00846
0.00816
0.00798
0.0081
0.00858
0.00924
0.00906
0.0084
0.00846
0.00858
0.00852
0.00864
0.00894
0.009
0.00846
0.00768
0.0078
0.00864
0.00864
0.00846
0.00864
0.00852
0.0081
0.0081
0.0087
0.00912
0.00882
0.00828
0.00834
0.00852
0.0084
0.00852
0.00894
0.00906
0.0084
0.00768
0.0078
0.00852
0.00858
0.00828
0.00834
0.00822
0.00804
0.00828
0.0087
0.009
0.0087
0.00822
0.00834
0.00846
0.0084
0.00864
0.00906
0.00912
0.0084
0.00774
0.0081
0.0087
0.00852
0.00846
0.00858
0.00834
0.00816
0.00816
0.00846
0.009
0.00888
0.00834
0.00828
0.00834
0.00834
0.0087
0.009
0.0087
0.00816
0.0078
0.00798
0.00852
0.00864
0.00858
0.00858
0.00834
0.00798
0.00804
0.0087
0.00918
0.00888
0.0084
0.00846
0.0087
0.00858
0.00876
0.00906
0.0087
0.00804
0.00792
0.00822
0.0087
0.0087
0.00846
0.00846
0.0084
0.00816
0.00816
0.00876
0.00936
0.009
0.00834
0.00828
0.00858
0.00876
0.00894
0.00906
0.00876
0.0081
0.00768
0.00798
0.00852
0.00846
0.00822
0.00834
0.00816
0.00792
0.00792
0.0084
0.009
0.00894
0.00846
0.00822
0.0084
0.00852
0.0087
0.00882
0.0087
0.0081
0.00756
0.00792
0.00858
0.00858
0.0087
0.0087
0.0081
0.00786
0.00822
0.00876
0.00906
0.00894
0.00858
0.0084
0.00834
0.00852
0.009
0.00912
0.00876
0.00852
0.00792
0.00786
0.00864
0.00888
0.00834
0.00834
0.00858
0.00792
0.00774
0.00882
0.0093
0.0087
0.00846
0.00876
0.00834
0.00816
0.00894
0.0093
0.0087
0.00816
0.0078
0.00774
0.00828
0.0087
0.00882
0.00864
0.00846
0.0081
0.00792
0.00864
0.00942
0.00882
0.0081
0.00852
0.00846
0.00804
0.0087
0.009
0.00858
0.0084
0.00816
0.00816
0.0087
0.00882
0.00852
0.00858
0.00846
0.00786
0.00768
0.0087
0.0093
0.00876
0.00864
0.009
0.00846
0.0081
0.00876
0.00888
0.00858
0.0084
0.0078
0.0078
0.00882
0.00882
0.00834
0.00864
0.00822
0.00744
0.00804
0.009
0.00912
0.00888
0.00852
0.00816
0.00828
0.00858
0.00864
0.00906
0.00918
0.0081
0.00744
0.00822
0.0087
0.00852
0.00876
0.00864
0.0081
0.00798
0.0081
0.00858
0.00936
0.00894
0.00798
0.00822
0.00864
0.00852
0.00888
0.0093
0.00864
0.00774
0.0078
0.00834
0.00876
0.00888
0.00858
0.00822
0.00816
0.0081
0.00816
0.00888
0.00924
0.00846
0.0081
0.00858
0.00846
0.00834
0.00888
0.00882
0.00828
0.0081
0.00792
0.00816
0.00894
0.0087
0.00804
0.00822
0.00828
0.00798
0.00846
0.00924
0.009
0.00852
0.0084
0.00828
0.0084
0.00876
0.0087
0.00858
0.0087
0.00822
0.00768
0.00816
0.00882
0.00852
0.0081
0.00822
0.00822
0.00804
0.0081
0.0087
0.00906
0.00858
0.00816
0.00828
0.00834
0.0084
0.00864
0.00894
0.00876
0.0081
0.00774
0.00828
0.0087
0.0084
0.00834
0.0084
0.00816
0.00792
0.00804
0.00864
0.00906
0.00864
0.00828
0.00846
0.00858
0.00852
0.00888
0.00906
0.00876
0.00816
0.00774
0.00816
0.00864
0.00852
0.00858
0.00876
0.00822
0.00798
0.00828
0.00858
0.00888
0.00882
0.00834
0.00834
0.0087
0.00876
0.00912
0.00942
0.0087
0.00792
0.0078
0.0081
0.00858
0.0087
0.00846
0.0084
0.00834
0.00804
0.00798
0.00864
0.00894
0.0084
0.00834
0.00852
0.00846
0.00858
0.00894
0.009
0.00882
0.00816
0.00762
0.00816
0.00858
0.00816
0.00828
0.00852
0.0081
0.00798
0.0084
0.00894
0.00936
0.00888
0.00816
0.0084
0.00852
0.00834
0.00876
0.00912
0.00864
0.00792
0.00768
0.00816
0.0087
0.00858
0.00822
0.00822
0.00822
0.00804
0.00822
0.00888
0.00912
0.00876
0.00834
0.00816
0.00834
0.00864
0.00882
0.00882
0.00864
0.00804
0.0078
0.00834
0.00858
0.00834
0.0084
0.00834
0.00804
0.0078
0.0081
0.00864
0.009
0.00876
0.00828
0.00834
0.00852
0.00858
0.00888
0.00906
0.00864
0.00786
0.00768
0.00828
0.00864
0.00858
0.0084
0.00816
0.0081
0.00822
0.0084
0.009
0.00942
0.00888
0.00852
0.00858
0.00846
0.00864
0.009
0.00888
0.00852
0.0081
0.00774
0.00816
0.00876
0.00852
0.00834
0.00846
0.00816
0.00792
0.0084
0.00876
0.00894
0.00888
0.00828
0.00822
0.00858
0.00858
0.00882
0.00906
0.0087
0.00792
0.00774
0.00822
0.00858
0.0084
0.00828
0.00834
0.00828
0.00804
0.0081
0.00882
0.00906
0.00858
0.0084
0.00852
0.0084
0.00852
0.00894
0.009
0.0087
0.00816
0.00792
0.0084
0.00858
0.0084
0.00858
0.00858
0.00816
0.0078
0.00798
0.00876
0.00912
0.0087
0.00846
0.00858
0.00834
0.0084
0.00888
0.00894
0.00846
0.00792
0.00786
0.0084
0.00888
0.00864
0.0084
0.00852
0.00834
0.00816
0.00852
0.009
0.009
0.00858
0.00828
0.00834
0.00846
0.00852
0.00882
0.00894
0.00852
0.0078
0.00768
0.0081
0.00846
0.0084
0.00852
0.00834
0.00798
0.00804
0.00846
0.00894
0.009
0.00852
0.00822
0.00834
0.00834
0.00852
0.00888
0.00894
0.00864
0.00792
0.00756
0.0081
0.00858
0.0084
0.00834
0.00834
0.00804
0.00798
0.00828
0.00894
0.00918
0.00852
0.0081
0.00828
0.0084
0.00858
0.00888
0.009
0.00864
0.00792
0.00786
0.00846
0.0087
0.00846
0.00846
0.0084
0.00792
0.00792
0.0084
0.00876
0.00876
0.00852
0.00828
0.0084
0.0084
0.00834
0.00858
0.00882
0.00852
0.00798
0.00768
0.00816
0.00864
0.00852
0.00828
0.00816
0.00804
0.00798
0.00828
0.00894
0.00894
0.00834
0.0081
0.00834
0.00852
0.00876
0.00888
0.00888
0.00864
0.0081
0.00786
0.00822
0.00846
0.00828
0.0084
0.0084
0.00816
0.00822
0.00858
0.00912
0.00918
0.0084
0.00804
0.00828
0.00828
0.0084
0.00876
0.00888
0.0084
0.0078
0.00774
0.0084
0.00864
0.00828
0.00828
0.00834
0.00804
0.00786
0.0081
0.00876
0.00894
0.00834
0.0081
0.00852
0.00876
0.0087
0.00894
0.00912
0.0087
0.00804
0.00798
0.0084
0.00864
0.00852
0.00852
0.00834
0.00798
0.00786
0.00816
0.00858
0.0087
0.00834
0.00816
0.00852
0.00858
0.00858
0.00918
0.00954
0.009
0.0081
0.00792
0.00846
0.00858
0.00828
0.00828
0.00822
0.00798
0.00792
0.00816
0.00876
0.00906
0.00852
0.00834
0.00846
0.0084
0.00846
0.0087
0.0087
0.00834
0.00768
0.00768
0.00864
0.00894
0.00852
0.00858
0.00858
0.00828
0.00822
0.00852
0.00894
0.00912
0.00864
0.00816
0.00822
0.00834
0.0084
0.00876
0.00888
0.0084
0.00798
0.0081
0.00852
0.00876
0.0087
0.0087
0.00864
0.00822
0.00792
0.00834
0.00888
0.00894
0.00858
0.00822
0.00828
0.00828
0.0084
0.00876
0.00906
0.00864
0.00798
0.0081
0.0087
0.0087
0.00852
0.00858
0.0084
0.00816
0.00792
0.00804
0.00876
0.009
0.0084
0.00822
0.0084
0.00834
0.0087
0.00912
0.00888
0.00846
0.00804
0.00798
0.00846
0.0087
0.0084
0.0084
0.00834
0.00798
0.0078
0.00822
0.00894
0.00912
0.00864
0.00846
0.00876
0.00876
0.00876
0.00894
0.009
0.00852
0.00786
0.0078
0.00822
0.00846
0.00822
0.0081
0.00816
0.00798
0.00798
0.00852
0.00918
0.00918
0.0087
0.00846
0.00858
0.00852
0.00858
0.00906
0.00912
0.00834
0.00768
0.0078
0.00834
0.00852
0.00834
0.00828
0.00828
0.0081
0.00798
0.00828
0.00894
0.00912
0.00858
0.00852
0.00858
0.0084
0.00858
0.00888
0.0087
0.00828
0.00792
0.00798
0.00828
0.0084
0.00852
0.00864
0.0084
0.00804
0.00804
0.0084
0.00894
0.009
0.00852
0.00828
0.00846
0.00858
0.00876
0.00894
0.00888
0.00846
0.00786
0.00792
0.00852
0.00888
0.00858
0.00834
0.00834
0.00804
0.00786
0.0084
0.00912
0.00894
0.0084
0.00834
0.00846
0.00834
0.00846
0.00876
0.00876
0.00822
0.00774
0.00792
0.00852
0.0087
0.00852
0.00846
0.00834
0.00834
0.00834
0.00858
0.00906
0.00894
0.00834
0.00828
0.0084
0.0084
0.00864
0.00888
0.00882
0.00846
0.00792
0.0078
0.00852
0.00882
0.0084
0.00834
0.00828
0.00816
0.0084
0.0087
0.009
0.009
0.00852
0.00834
0.0084
0.00834
0.00858
0.00894
0.00888
0.00852
0.0081
0.00792
0.00834
0.00876
0.00858
0.0084
0.00834
0.00798
0.00804
0.0087
0.00906
0.00876
0.00834
0.00822
0.00828
0.00846
0.0087
0.009
0.00906
0.00852
0.00798
0.00816
0.0087
0.00864
0.0084
0.0084
0.00828
0.00816
0.00822
0.00852
0.00918
0.00906
0.0084
0.00834
0.00852
0.0084
0.00858
0.00888
0.00876
0.00828
0.00774
0.00792
0.00858
0.0087
0.00834
0.0084
0.00822
0.00792
0.0081
0.00852
0.00894
0.00882
0.00828
0.00834
0.00852
0.00846
0.0087
0.00894
0.00864
0.00804
0.00762
0.0078
0.00846
0.00864
0.00846
0.00852
0.00834
0.00804
0.00816
0.00852
0.009
0.00888
0.00828
0.00822
0.00852
0.00828
0.0084
0.00894
0.009
0.0084
0.00792
0.0081
0.0084
0.00834
0.00822
0.00828
0.00822
0.00804
0.00804
0.00852
0.009
0.00888
0.00846
0.00846
0.00846
0.0084
0.00876
0.009
0.00894
0.0084
0.00774
0.00798
0.0087
0.0087
0.00846
0.00846
0.00834
0.0081
0.00816
0.00852
0.00912
0.00906
0.00834
0.00828
0.00858
0.00846
0.00858
0.00894
0.00876
0.00822
0.00786
0.00792
0.00852
0.0087
0.0084
0.0084
0.00828
0.00798
0.00804
0.00852
0.00894
0.00876
0.00804
0.00774
0.00798
0.00792
0.00804
0.00858
0.00864
0.00816
0.0078
0.00786
0.00798
0.00792
0.00786
0.00792
0.0078
0.00774
0.00804
0.00864
0.00936
0.00906
0.00828
0.00828
0.0078
0.00546
4.8E-4
-0.00894
-0.02304
-0.03924
-0.05268
-0.05742
-0.0504
-0.03294
-0.00738
0.02544
0.06438
0.10854
0.1569
0.20634
0.25344
0.29556
0.33018
0.35364
0.36018
0.34692
0.31686
0.27558
0.22992
0.18522
0.14058
0.08688
0.01104
-0.09444
-0.22644
-0.37122
-0.50952
-0.61932
-0.6756
-0.66108
-0.57978
-0.45342
-0.30828
-0.16596
-0.04374
0.0471
0.1062
0.13824
0.14658
0.1407
0.13818
0.14526
0.14994
0.14238
0.11922
0.07734
0.01842
-0.0564
-0.15162
-0.25704
-0.34362
-0.39192
-0.40404
-0.39504
-0.3807
-0.3651
-0.34296
-0.30906
-0.26016
-0.19752
-0.1299
-0.0624
0.01194
0.09714
0.18342
0.26166
0.3342
0.399
0.44724
0.4782
0.4929
0.4908
0.47832
0.4701
0.48366
0.50772
0.50274
0.44382
0.321
0.13566
-0.08652
-0.30354
-0.46794
-0.52812
-0.45438
-0.29202
-0.11316
0.05112
0.17676
0.25296
0.29622
0.32172
0.34458
0.36372
0.35898
0.32394
0.2622
0.17742
0.0837
0.00288
-0.04386
-0.04164
0.01476
0.11286
0.22044
0.3048
0.3504
0.35616
0.33312
0.30264
0.2721
0.2241
0.14814
0.04794
-0.08466
-0.25554
-0.43938
-0.59466
-0.69084
-0.71352
-0.66162
-0.54
-0.3642
-0.1701
-0.00516
0.099
0.14982
0.1611
0.14088
0.11424
0.0858
0.04392
-0.00438
-0.04962
-0.07866
-0.08256
-0.07062
-0.05358
-0.03234
-0.00978
-0.00528
-0.04632
-0.14706
-0.2946
-0.4581
-0.6009
-0.6861
-0.69918
-0.6546
-0.56298
-0.42738
-0.26178
-0.08382
0.09
0.25056
0.40182
0.54126
0.66516
0.77496
0.8373
0.80886
0.69498
0.52782
0.34356
0.17742
0.0369
-0.09018
-0.1986
-0.2715
-0.30738
-0.31824
-0.30972
-0.27516
-0.21408
-0.13974
-0.06348
0.00948
0.0837
0.16794
0.25104
0.32124
0.37878
0.40686
0.38142
0.3072
0.20544
0.08124
-0.05778
-0.18426
-0.27732
-0.3291
-0.33618
-0.31104
-0.27486
-0.23682
-0.20178
-0.17526
-0.15456
-0.13434
-0.1164
-0.10554
-0.09978
-0.09258
-0.0789
-0.05676
-0.02184
0.03702
0.12612
0.23958
0.369
0.50106
0.6111
0.67728
0.69144
0.65628
0.58236
0.4881
0.39558
0.31884
0.2562
0.18834
0.0879
-0.05778
-0.23526
-0.41634
-0.57048
-0.67008
-0.69294
-0.62736
-0.4794
-0.27462
-0.05406
0.1359
0.25758
0.29544
0.26238
0.19074
0.10734
0.01896
-0.07638
-0.1806
-0.294
-0.40596
-0.49452
-0.5397
-0.52572
-0.44016
-0.28998
-0.11238
0.04362
0.14496
0.18258
0.16278
0.10098
0.02334
-0.04224
-0.08382
-0.11064
-0.14022
-0.18174
-0.22932
-0.2652
-0.273
-0.2451
-0.17976
-0.07968
0.04878
0.18996
0.31824
0.41064
0.44916
0.42408
0.3522
0.27396
0.21426
0.1737
0.15678
0.1638
0.17466
0.17094
0.14718
0.10392
0.0459
-0.0183
-0.07596
-0.1107
-0.11016
-0.07506
-0.01944
0.03822
0.08454
0.1164
0.1368
0.14556
0.13758
0.11454
0.08748
0.06408
0.04356
0.02328
0.00162
-0.02622
-0.05604
-0.0699
-0.0597
-0.03234
0.00402
0.04266
0.07722
0.0999
0.10434
0.09366
0.08136
0.07692
0.07572
0.07038
0.0594
0.04308
0.01944
-0.01554
-0.05982
-0.10788
-0.15474
-0.19044
-0.20472
-0.19356
-0.15558
-0.09384
-0.01758
0.06282
0.13728
0.1959
0.23352
0.25248
0.25554
0.24144
0.2085
0.1596
0.09978
0.03252
-0.03912
-0.10866
-0.16656
-0.20628
-0.22884
-0.23778
-0.23496
-0.22518
-0.21666
-0.21408
-0.21474
-0.21294
-0.20448
-0.18798
-0.16266
-0.12684
-0.08034
-0.02454
0.03684
0.09732
0.15198
0.19614
0.2229
0.2286
0.216
0.19236
0.16668
0.14484
0.12984
0.12252
0.12042
0.1206
0.12042
0.11418
0.09732
0.07002
0.0339
-0.00972
-0.05802
-0.10626
-0.14784
-0.17694
-0.19206
-0.19458
-0.1857
-0.16596
-0.13632
-0.09984
-0.06138
-0.02484
0.00666
0.03294
0.05784
0.08574
0.11736
0.14958
0.17778
0.19782
0.2076
0.20736
0.19848
0.1827
0.16332
0.14394
0.12138
0.08526
0.02628
-0.05814
-0.16356
-0.27846
-0.38556
-0.46704
-0.51036
-0.50718
-0.45336
-0.35346
-0.22302
-0.0822
0.0525
0.17142
0.27042
0.34686
0.39588
0.40974
0.38364
0.31728
0.20994
0.0651
-0.1023
-0.26868
-0.40608
-0.48756
-0.49758
-0.44004
-0.33618
-0.21546
-0.10218
-0.00594
0.07476
0.14316
0.20244
0.25512
0.29724
0.32022
0.31746
0.28584
0.2292
0.16032
0.0918
0.03168
-0.01236
-0.03582
-0.0399
-0.02904
-0.00768
0.01818
0.03804
0.04452
0.04104
0.03918
0.04674
0.05958
0.0735
0.087
0.09468
0.09426
0.08712
0.07446
0.05988
0.04416
0.02502
0.0099
0.01254
0.03846
0.08058
0.12564
0.16122
0.17958
0.17814
0.16056
0.13188
0.09288
0.0459
6E-5
-0.0372
-0.06252
-0.07398
-0.0708
-0.0549
-0.03348
-0.01044
0.01596
0.04104
0.05688
0.06768
0.07644
0.07776
0.07542
0.07182
0.05952
0.03312
-0.00516
-0.04848
-0.09546
-0.1506
-0.2136
-0.27426
-0.32148
-0.34698
-0.34416
-0.31074
-0.24672
-0.15768
-0.05682
0.04548
0.14484
0.23478
0.30678
0.35184
0.36318
0.34272
0.29922
0.23862
0.1608
0.06996
-0.0168
-0.0858
-0.13854
-0.17886
-0.20688
-0.22344
-0.23172
-0.23616
-0.23976
-0.2424
-0.24162
-0.23394
-0.21858
-0.19584
-0.16242
-0.11508
-0.05472
0.01554
0.09228
0.1713
0.24342
0.29874
0.33228
0.34218
0.32958
0.29784
0.25224
0.19962
0.14568
0.09492
0.05166
0.0171
-0.01044
-0.03252
-0.04992
-0.06318
-0.07392
-0.08418
-0.09444
-0.10452
-0.11298
-0.11736
-0.11514
-0.10518
-0.08874
-0.06858
-0.04572
-0.0201
0.0066
0.0318
0.05298
0.0681
0.0759
0.07554
0.06732
0.05304
0.03426
0.01212
-0.01074
-0.0321
-0.05082
-0.06462
-0.07038
-0.06666
-0.05376
-0.03372
-0.00912
0.01818
0.04542
0.06918
0.08682
0.09606
0.09492
0.08346
0.06354
0.03876
0.01392
-0.0072
-0.02172
-0.02748
-0.02406
-0.01302
0.00324
0.0222
0.04008
0.05292
0.05916
0.05922
0.05244
0.03936
0.02208
0.00258
-0.01722
-0.03474
-0.04794
-0.0552
-0.05604
-0.05082
-0.03966
-0.02418
-0.00678
0.0117
0.03018
0.0465
0.05856
0.06408
0.06282
0.05622
0.04446
0.02832
0.01068
-0.00612
-0.02016
-0.02982
-0.0342
-0.03264
-0.02574
-0.01608
-0.00516
0.00624
0.01584
0.0219
0.0243
0.02334
0.01944
0.01362
0.0069
6E-4
-0.00456
-0.0084
-0.0102
-0.00918
-0.0057
6E-5
0.00876
0.02082
0.0348
0.04896
0.06234
0.07386
0.08184
0.0852
0.08346
0.0765
0.06408
0.04662
0.02634
0.00612
-0.01242
-0.02778
-0.03864
-0.045
-0.04686
-0.04494
-0.04056
-0.03426
-0.02778
-0.0231
-0.0198
-0.01704
-0.01506
-0.01362
-0.01224
-0.0105
-0.0084
-0.00654
-0.00468
-0.00156
0.00288
0.00828
0.01506
0.0225
0.0297
0.03582
0.04074
0.04506
0.04806
0.0483
0.04656
0.04326
0.03786
0.03114
0.02436
0.0177
0.0108
0.00378
-0.0021
-0.00564
-0.00708
-0.0069
-0.00504
-0.00204
0.0012
0.0039
0.0057
0.00654
0.00642
0.00456
0.00126
-0.00204
-0.00486
-0.00684
-0.00744
-0.00624
-0.00378
-0.00108
0.00144
0.00432
0.00714
0.00912
0.01002
0.0102
0.00972
0.00846
0.00702
0.00642
0.00618
0.00546
0.00504
0.00534
0.00582
0.0066
0.00804
0.01062
0.01344
0.0156
0.01806
0.02148
0.02508
0.02886
0.03228
0.03438
0.03516
0.0342
0.0312
0.0276
0.02316
0.01692
0.01038
0.00444
-0.00126
-0.00588
-0.00846
-0.00924
-0.00876
-0.0078
-0.00642
-0.0042
-0.00138
0.00186
0.00522
0.00804
0.00978
0.01026
0.0099
0.0093
0.0084
0.00696
0.00576
0.00528
0.00552
0.00666
0.00888
0.0123
0.0159
0.01842
0.02022
0.02166
0.0222
0.02148
0.01998
0.01776
0.01494
0.01182
0.0093
0.00846
0.00882
0.00942
0.01032
0.01158
0.01242
0.01266
0.01236
0.01194
0.01152
0.00996
0.00768
0.00612
0.00504
0.00414
0.00336
0.0027
0.00156
-6E-5
-9E-4
-3.6E-4
1.8E-4
1.2E-4
5.4E-4
0.00126
0.00192
0.003
0.00432
0.0054
0.00624
0.00612
0.00552
0.00552
0.00558
0.00534
0.00564
0.00588
0.00546
0.00528
0.006
0.00756
0.00942
0.01128
0.01326
0.01536
0.01698
0.01794
0.0189
0.01974
0.01944
0.01812
0.01662
0.01512
0.01308
0.01098
0.00912
0.00726
0.0051
0.00294
0.00132
6.6E-4
9.6E-4
0.00156
0.00234
0.0036
0.00492
0.00612
0.00738
0.00864
0.00912
0.00822
0.0069
0.00588
0.00474
0.00378
0.00324
0.00246
0.00126
6E-5
-5.4E-4
-2.4E-4
4.2E-4
7.2E-4
0.00156
0.00246
0.003
0.00402
0.00552
0.00714
0.00906
0.01056
0.0114
0.01302
0.01482
0.01596
0.01788
0.02016
0.02124
0.0216
0.02202
0.02268
0.02298
0.02256
0.02178
0.02088
0.01944
0.01806
0.01716
0.01662
0.01614
0.01506
0.0138
0.01266
0.01176
0.01074
0.00948
0.00834
0.00732
0.0063
0.0054
0.00546
0.00606
0.00606
0.00612
0.00654
0.00702
0.00732
0.0075
0.00828
0.00894
0.00852
0.00798
0.00816
0.00834
0.00798
0.00774
0.00744
0.00642
0.0048
0.00342
0.00288
0.00246
0.00162
0.00114
0.00108
9.6E-4
0.0012
0.00228
0.00372
0.00492
0.00534
0.00582
0.00678
0.00738
0.00768
0.00828
0.00828
0.00744
0.0063
0.00522
0.00492
0.00474
0.00396
0.00342
0.00318
0.00294
0.00324
0.0042
0.00528
0.00624
0.00654
0.00684
0.00768
0.00834
0.00876
0.00942
0.00984
0.00954
0.00852
0.00768
0.00774
0.00822
0.00852
0.00912
0.0099
0.01062
0.01182
0.01338
0.01506
0.01632
0.01668
0.01668
0.01692
0.01686
0.01656
0.01608
0.01524
0.0141
0.01278
0.01134
0.01074
0.01026
0.00876
0.0075
0.0069
0.00588
0.0048
0.00396
0.0033
0.00234
6.6E-4
-9.6E-4
-0.00144
-0.00168
-0.00204
-0.0015
-6E-4
-1.2E-4
5.4E-4
0.00198
0.00432
0.00684
0.00924
0.0117
0.01368
0.0156
0.01782
0.01956
0.02076
0.02154
0.02142
0.02058
0.01998
0.0195
0.0186
0.01752
0.01656
0.01542
0.01368
0.0123
0.01242
0.01278
0.0126
0.01236
0.01236
0.01194
0.0114
0.01134
0.0117
0.01128
0.0099
0.00834
0.00714
0.00582
0.00462
0.0039
0.00324
0.00222
0.00114
8.4E-4
0.00144
0.00228
0.0027
0.00312
0.00366
0.00408
0.00426
0.00432
0.0048
0.0054
0.00504
0.0045
0.00468
0.00462
0.0042
0.00378
0.0033
0.00252
0.00126
1.8E-4
6E-5
2.4E-4
6E-5
5.4E-4
0.00144
0.0021
0.00348
0.00546
0.0075
0.00954
0.01092
0.01206
0.01368
0.01506
0.0156
0.01596
0.01632
0.01614
0.01512
0.01392
0.01338
0.01308
0.012
0.01098
0.01032
0.00966
0.00912
0.00906
0.00936
0.00948
0.00888
0.00876
0.00912
0.00924
0.00936
0.0096
0.00942
0.00888
0.00822
0.00804
0.00864
0.00918
0.00918
0.0093
0.00948
0.00954
0.00954
0.00966
0.01008
0.01026
0.00936
0.00834
0.00834
0.0084
0.00804
0.00792
0.00828
0.00822
0.00762
0.00768
0.00876
0.0096
0.00948
0.00918
0.00912
0.00858
0.00792
0.00762
0.00762
0.0078
0.00732
0.00654
0.00654
0.00696
0.00732
0.0078
0.0084
0.0087
0.0087
0.00906
0.00996
0.01068
0.01068
0.01074
0.01086
0.01038
0.00966
0.00954
0.0099
0.0096
0.00846
0.00762
0.00756
0.00774
0.00774
0.00762
0.00768
0.00756
0.00684
0.00678
0.00768
0.00774
0.00708
0.00708
0.0069
0.00612
0.00588
0.00642
0.00726
0.00756
0.00744
0.00756
0.00804
0.00852
0.00936
0.01014
0.0105
0.01038
0.01002
0.00978
0.01038
0.0111
0.01098
0.01104
0.01128
0.01098
0.0108
0.01158
0.01248
0.01284
0.01272
0.0126
0.01284
0.01284
0.01284
0.01284
0.01266
0.01188
0.01068
0.0096
0.00912
0.00876
0.00798
0.0072
0.0069
0.00648
0.00606
0.00624
0.00696
0.00726
0.00684
0.00672
0.00708
0.00702
0.00666
0.00648
0.0063
0.00576
0.00474
0.00396
0.00396
0.00384
0.0033
0.00324
0.0036
0.0039
0.00414
0.00474
0.00558
0.00588
0.00558
0.00558
0.00582
0.00582
0.00582
0.00582
0.00576
0.00546
0.00504
0.0051
0.00618
0.0072
0.00756
0.00816
0.00858
0.00852
0.00888
0.0096
0.01038
0.0108
0.0102
0.0093
0.00918
0.00888
0.00816
0.00798
0.00804
0.00768
0.0072
0.0072
0.00798
0.00876
0.009
0.0093
0.0096
0.00954
0.0099
0.01068
0.01128
0.01152
0.01146
0.01146
0.0117
0.01182
0.01218
0.01278
0.01308
0.01296
0.01236
0.01212
0.0126
0.0126
0.012
0.01152
0.01068
0.00954
0.0087
0.00846
0.00876
0.0084
0.00744
0.0072
0.0075
0.00744
0.00774
0.00876
0.00942
0.00948
0.00936
0.00942
0.01002
0.01032
0.01008
0.00966
0.00894
0.00816
0.0078
0.00774
0.00792
0.00804
0.0075
0.00708
0.00744
0.00798
0.00852
0.00912
0.00942
0.00918
0.00882
0.00876
0.00918
0.0093
0.00882
0.00858
0.00834
0.00768
0.00744
0.00798
0.00876
0.00906
0.00882
0.00906
0.00948
0.0096
0.01002
0.01026
0.0099
0.00942
0.00876
0.00822
0.00834
0.00828
0.00768
0.00732
0.00714
0.00696
0.00702
0.00732
0.0078
0.00804
0.00756
0.00726
0.00726
0.00708
0.00708
0.0072
0.00702
0.00654
0.00594
0.00576
0.00624
0.00648
0.00624
0.00606
0.00594
0.00582
0.00594
0.00636
0.0072
0.00762
0.00726
0.00744
0.00804
0.00804
0.0081
0.00858
0.00858
0.00822
0.00792
0.00792
0.00858
0.0093
0.00954
0.00966
0.00996
0.0102
0.01026
0.01056
0.01092
0.01074
0.00978
0.00894
0.00876
0.00888
0.00882
0.00888
0.00882
0.00846
0.0081
0.00834
0.00906
0.00966
0.00984
0.00984
0.00984
0.00972
0.00936
0.0093
0.00966
0.00936
0.00816
0.00756
0.00738
0.00684
0.00666
0.0069
0.00678
0.00624
0.00582
0.00588
0.00642
0.00666
0.0066
0.00678
0.00672
0.0063
0.00606
0.00648
0.00708
0.00726
0.00684
0.00696
0.00762
0.00798
0.00864
0.00954
0.00984
0.01002
0.00996
0.0099
0.01056
0.0111
0.0108
0.01062
0.01038
0.00984
0.00948
0.00978
0.01032
0.01038
0.00996
0.0099
0.01032
0.0108
0.01128
0.01182
0.01212
0.01188
0.01128
0.01104
0.01122
0.0111
0.01062
0.01026
0.00996
0.00948
0.00924
0.00966
0.0102
0.0102
0.00966
0.0096
0.00984
0.00966
0.00948
0.00936
0.00888
0.00816
0.00732
0.00666
0.00672
0.00672
0.00624
0.00606
0.00576
0.0054
0.00552
0.00612
0.00696
0.0072
0.00672
0.00672
0.00702
0.00702
0.00726
0.00756
0.00732
0.00672
0.00618
0.00618
0.00678
0.00708
0.00702
0.00714
0.00732
0.00738
0.00762
0.0084
0.0093
0.00942
0.00882
0.00858
0.0087
0.00858
0.0084
0.0084
0.00834
0.00792
0.00744
0.00756
0.00834
0.00876
0.00882
0.00906
0.00918
0.00918
0.00936
0.00972
0.00996
0.00972
0.009
0.00852
0.00834
0.00804
0.00816
0.00834
0.00816
0.00768
0.00744
0.00774
0.00846
0.00894
0.009
0.00948
0.0096
0.00918
0.00906
0.00918
0.00906
0.0087
0.00798
0.00744
0.00744
0.00762
0.00798
0.0087
0.00906
0.00858
0.00792
0.00798
0.00834
0.00816
0.00816
0.00858
0.00852
0.00828
0.00858
0.00888
0.009
0.00858
0.00768
0.00744
0.00804
0.00852
0.00936
0.01008
0.01014
0.00984
0.00924
0.00894
0.00942
0.00948
0.00912
0.00912
0.0087
0.0078
0.0075
0.0075
0.00738
0.00708
0.0066
0.00678
0.00744
0.0078
0.0084
0.00912
0.00888
0.00846
0.0081
0.00786
0.00834
0.00858
0.00822
0.00834
0.00828
0.00768
0.00756
0.00816
0.00888
0.00924
0.00894
0.00852
0.00882
0.0093
0.00948
0.00966
0.00966
0.00912
0.00852
0.00882
0.00954
0.00924
0.0087
0.00876
0.00894
0.00942
0.0102
0.0105
0.01044
0.01014
0.00954
0.0093
0.00978
0.01008
0.01038
0.01074
0.01074
0.01014
0.00954
0.00954
0.00984
0.0093
0.00846
0.00792
0.00714
0.0063
0.00612
0.00678
0.00792
0.00882
0.00918
0.00942
0.00924
0.0087
0.00864
0.0087
0.00846
0.00792
0.00696
0.00642
0.00654
0.00618
0.00594
0.00654
0.00678
0.00678
0.00732
0.00822
0.00894
0.0084
0.00696
0.00612
0.00588
0.00564
0.00594
0.00648
0.0069
0.00762
0.00804
0.00858
0.00984
0.00972
0.009
0.00906
0.00846
0.00774
0.00816
0.00858
0.00942
0.01008
0.00924
0.00852
0.00822
0.00762
0.0078
0.00792
0.00762
0.00798
0.00852
0.00948
0.01098
0.01104
0.01038
0.01038
0.01008
0.00972
0.00984
0.0099
0.00978
0.00912
0.00786
0.00786
0.0084
0.00846
0.00924
0.01038
0.01074
0.01068
0.01062
0.01062
0.01086
0.0102
0.00888
0.00798
0.00708
0.0063
0.00642
0.00696
0.00744
0.00786
0.00804
0.0084
0.00906
0.00948
0.00972
0.01026
0.01044
0.0096
0.0087
0.0087
0.00858
0.00798
0.00762
0.0075
0.00708
0.00678
0.00714
0.0078
0.00858
0.00888
0.00828
0.00828
0.00882
0.00876
0.00864
0.00894
0.00834
0.00726
0.00672
0.0066
0.0066
0.00666
0.00642
0.00612
0.006
0.00612
0.00648
0.00714
0.00816
0.00858
0.0081
0.00804
0.00846
0.00846
0.00852
0.00876
0.00816
0.0069
0.00618
0.0063
0.00684
0.00696
0.00726
0.00774
0.00774
0.00804
0.00894
0.01002
0.0108
0.01074
0.01032
0.01014
0.0099
0.00984
0.01014
0.01032
0.00996
0.00912
0.0084
0.00864
0.00954
0.00972
0.00966
0.00984
0.00978
0.00972
0.01026
0.01092
0.01134
0.01128
0.01062
0.01002
0.00966
0.0093
0.009
0.00876
0.00852
0.00804
0.0075
0.00786
0.00864
0.00876
0.00864
0.00894
0.00906
0.00888
0.00882
0.00894
0.00882
0.00798
0.0069
0.00654
0.00666
0.0069
0.00726
0.00768
0.0078
0.0075
0.00738
0.0081
0.00894
0.00912
0.00882
0.0084
0.00768
0.0069
0.00684
0.00738
0.00756
0.0072
0.00672
0.00666
0.0069
0.0069
0.00696
0.00732
0.00762
0.00762
0.00756
0.0081
0.00858
0.00858
0.00882
0.00894
0.00852
0.0081
0.00774
0.00768
0.00792
0.0075
0.00684
0.00702
0.00762
0.00822
0.00918
0.0099
0.00996
0.00984
0.00984
0.01002
0.01038
0.0102
0.0093
0.00906
0.00906
0.00852
0.00852
0.00912
0.00954
0.00954
0.00924
0.00918
0.00942
0.00954
0.00954
0.00978
0.00984
0.0093
0.00876
0.00894
0.00948
0.00978
0.00984
0.00966
0.0093
0.00906
0.00906
0.00954
0.0099
0.0093
0.00852
0.0084
0.00852
0.00864
0.00894
0.00894
0.00864
0.00822
0.00804
0.00816
0.00822
0.00798
0.00786
0.0081
0.0081
0.00816
0.00858
0.00912
0.0093
0.00888
0.00834
0.0081
0.00792
0.00762
0.00768
0.00792
0.00768
0.0069
0.00624
0.00642
0.00684
0.00726
0.00732
0.00738
0.00762
0.00774
0.00774
0.00846
0.00894
0.00834
0.0078
0.00786
0.00792
0.00792
0.00792
0.00798
0.00816
0.00774
0.00744
0.00828
0.009
0.00888
0.009
0.00894
0.00834
0.00828
0.00858
0.00876
0.00918
0.0087
0.00768
0.00762
0.00774
0.00744
0.00816
0.00918
0.0093
0.0093
0.00924
0.0093
0.01002
0.01038
0.00984
0.00954
0.00954
0.00894
0.00852
0.00906
0.00936
0.00846
0.0078
0.0081
0.00804
0.0081
0.009
0.00954
0.0093
0.00918
0.00888
0.00852
0.00906
0.00942
0.00876
0.0081
0.00786
0.00726
0.00678
0.00756
0.00828
0.0081
0.00768
0.00798
0.0084
0.00852
0.00912
0.00978
0.00978
0.00912
0.00882
0.00906
0.00894
0.00858
0.00828
0.00768
0.00684
0.0066
0.00684
0.00738
0.00822
0.00846
0.00816
0.0084
0.00918
0.00966
0.00972
0.00954
0.00936
0.00858
0.00756
0.00756
0.00798
0.00756
0.00744
0.00774
0.00768
0.00774
0.00834
0.00918
0.00966
0.00948
0.00912
0.00924
0.00924
0.00924
0.0096
0.00942
0.00858
0.00798
0.00762
0.0075
0.0078
0.00798
0.00774
0.00768
0.00768
0.0078
0.00846
0.00954
0.01008
0.00966
0.00918
0.00918
0.00912
0.00888
0.00888
0.00882
0.00864
0.00816
0.00768
0.00804
0.0087
0.00858
0.00828
0.00858
0.00882
0.00864
0.00876
0.00942
0.0096
0.00894
0.00822
0.00804
0.0081
0.00822
0.00822
0.00822
0.00834
0.0081
0.00786
0.0084
0.00912
0.00936
0.00948
0.00942
0.00888
0.00864
0.00852
0.00852
0.00888
0.00846
0.00744
0.00738
0.00756
0.00738
0.00792
0.00846
0.00852
0.00828
0.00816
0.00858
0.00924
0.00924
0.00906
0.00888
0.00822
0.00762
0.0075
0.00774
0.00804
0.0078
0.00732
0.00744
0.0078
0.00804
0.00852
0.00912
0.0093
0.00888
0.00846
0.00888
0.0093
0.00906
0.00876
0.0084
0.00786
0.00744
0.00762
0.00822
0.00852
0.00834
0.00804
0.00822
0.00864
0.00882
0.00894
0.00918
0.00948
0.00888
0.00822
0.00852
0.00876
0.00828
0.00798
0.00792
0.0078
0.00762
0.00786
0.00882
0.00948
0.00918
0.00894
0.00924
0.00936
0.00936
0.0096
0.00942
0.00876
0.0081
0.00762
0.00792
0.00816
0.0078
0.0078
0.00816
0.00816
0.0081
0.00858
0.00948
0.01002
0.00972
0.00924
0.00942
0.00954
0.00924
0.00918
0.00894
0.00834
0.00774
0.0072
0.00738
0.00792
0.00798
0.00792
0.00822
0.00834
0.00828
0.00882
0.00984
0.01008
0.0096
0.00918
0.00912
0.00906
0.00882
0.0087
0.00864
0.00828
0.00768
0.00732
0.00786
0.00852
0.00876
0.009
0.009
0.00882
0.00894
0.00912
0.00948
0.00966
0.00912
0.0084
0.00822
0.00798
0.00756
0.00786
0.0081
0.00786
0.00738
0.00726
0.0081
0.00894
0.009
0.00906
0.00912
0.0087
0.00834
0.00852
0.00882
0.0087
0.00792
0.0072
0.00732
0.00768
0.0078
0.00828
0.0087
0.0087
0.00846
0.0084
0.0087
0.00918
0.00906
0.00858
0.0084
0.0081
0.0075
0.00738
0.00792
0.00828
0.00798
0.00768
0.00792
0.00834
0.0087
0.00918
0.0093
0.00918
0.0087
0.00834
0.0087
0.00906
0.0087
0.00828
0.00792
0.00756
0.00732
0.00732
0.0081
0.00876
0.0084
0.00816
0.00846
0.00846
0.00864
0.009
0.00906
0.00894
0.00846
0.0078
0.00798
0.00858
0.00846
0.00816
0.00816
0.00792
0.0078
0.00846
0.00912
0.00942
0.0093
0.00888
0.00882
0.009
0.00918
0.00924
0.00918
0.00888
0.00822
0.00774
0.00798
0.00834
0.00816
0.00822
0.00834
0.00822
0.0084
0.00894
0.00954
0.01002
0.00966
0.00906
0.00912
0.00924
0.00906
0.00894
0.00906
0.00894
0.00816
0.00756
0.00798
0.00858
0.00846
0.00852
0.00888
0.00894
0.00882
0.00912
0.00978
0.00996
0.0093
0.00876
0.00876
0.00882
0.00864
0.00876
0.00876
0.00834
0.00798
0.00804
0.00852
0.00876
0.00858
0.0084
0.00834
0.00816
0.00804
0.00864
0.00972
0.01032
0.0099
0.00912
0.00906
0.00888
0.00816
0.00774
0.00756
0.00726
0.00684
0.00672
0.00774
0.00882
0.009
0.00888
0.009
0.00888
0.00852
0.00858
0.00912
0.00924
0.00852
0.00804
0.0081
0.00798
0.0081
0.00852
0.00876
0.00846
0.00816
0.00816
0.0087
0.00912
0.00912
0.00912
0.00876
0.00822
0.00762
0.00744
0.00792
0.0081
0.00738
0.00684
0.00744
0.00804
0.00834
0.00912
0.00972
0.01008
0.0099
0.00948
0.00978
0.00966
0.00912
0.00882
0.00816
0.00738
0.00672
0.00702
0.00786
0.0081
0.00798
0.00786
0.00858
0.00942
0.00948
0.00972
0.00978
0.00924
0.00876
0.00822
0.00834
0.0087
0.0084
0.00846
0.00846
0.00798
0.0081
0.00888
0.00948
0.00948
0.00846
0.00726
0.00678
0.00702
0.00798
0.00954
0.0108
0.0111
0.01056
0.0096
0.00882
0.00762
0.00624
0.00582
0.00618
0.00696
0.00792
0.00876
0.00948
0.00942
0.00858
0.00798
0.00804
0.00816
0.00828
0.00882
0.00948
0.0096
0.00912
0.00876
0.00888
0.00852
0.00756
0.00714
0.0069
0.00684
0.00762
0.00852
0.00948
0.01008
0.0096
0.00882
0.00858
0.0081
0.00774
0.00816
0.00846
0.0084
0.00798
0.00762
0.00816
0.00858
0.00834
0.00834
0.00834
0.00816
0.0084
0.00906
0.00978
0.00972
0.00876
0.00804
0.00792
0.00804
0.00798
0.00822
0.00888
0.00894
0.00876
0.00924
0.0099
0.01026
0.01008
0.00972
0.00936
0.00822
0.00738
0.00738
0.00786
0.00828
0.0078
0.00732
0.0075
0.00774
0.00852
0.00966
0.01032
0.01056
0.0102
0.0102
0.0105
0.00996
0.00924
0.0084
0.00762
0.00684
0.00612
0.00624
0.00684
0.00732
0.00744
0.00762
0.00846
0.00918
0.0096
0.01044
0.0108
0.01026
0.00966
0.009
0.00894
0.00888
0.00768
0.00684
0.0066
0.00624
0.00666
0.0078
0.00876
0.00948
0.00948
0.00912
0.00948
0.00954
0.00906
0.00894
0.00882
0.00792
0.00702
0.0069
0.00738
0.00792
0.00804
0.00804
0.00828
0.00822
0.00786
0.00804
0.00882
0.00882
0.0084
0.00846
0.00858
0.00846
0.00882
0.00912
0.00882
0.00852
0.00804
0.00762
0.00798
0.00834
0.00798
0.00786
0.00792
0.00774
0.0078
0.00846
0.00954
0.00996
0.00948
0.00954
0.00978
0.00918
0.00894
0.00942
0.00912
0.00816
0.0075
0.00732
0.00756
0.00768
0.00768
0.00816
0.00852
0.00852
0.00894
0.00978
0.01032
0.01062
0.01038
0.0099
0.00954
0.00906
0.00858
0.00828
0.0078
0.00732
0.00702
0.00726
0.00792
0.0084
0.00858
0.00882
0.00876
0.00858
0.00852
0.00888
0.0093
0.00912
0.00852
0.00828
0.00828
0.00822
0.00822
0.0081
0.00792
0.00756
0.00696
0.00678
0.00756
0.00804
0.00822
0.00846
0.00858
0.00876
0.00882
0.00888
0.00936
0.00954
0.00876
0.00816
0.00846
0.00834
0.00816
0.00858
0.00882
0.00846
0.00774
0.00762
0.00846
0.0087
0.00834
0.00858
0.00876
0.00816
0.0078
0.00828
0.00888
0.00882
0.00828
0.00816
0.00858
0.0087
0.009
0.0096
0.00978
0.00936
0.00882
0.00864
0.00882
0.0087
0.00828
0.00798
0.00756
0.00708
0.00708
0.00768
0.00846
0.00858
0.0084
0.0087
0.00924
0.00954
0.00984
0.0099
0.01002
0.00978
0.00882
0.00834
0.00876
0.00882
0.0084
0.00822
0.00798
0.0078
0.00774
0.00834
0.00924
0.00936
0.00882
0.00876
0.00894
0.0087
0.00888
0.0093
0.0093
0.009
0.00816
0.00774
0.00846
0.0087
0.00834
0.00876
0.00882
0.0081
0.00834
0.009
0.00948
0.0096
0.00888
0.00828
0.00816
0.00804
0.00804
0.00822
0.0081
0.00768
0.00702
0.0069
0.00762
0.0081
0.00816
0.00834
0.00828
0.00798
0.00804
0.00858
0.00918
0.00918
0.00846
0.00804
0.00804
0.00798
0.00792
0.00798
0.00804
0.00756
0.00708
0.0075
0.00822
0.00876
0.00894
0.00882
0.00876
0.0087
0.00858
0.00918
0.00972
0.00966
0.009
0.00834
0.0084
0.00834
0.00834
0.00876
0.00852
0.00816
0.00816
0.00798
0.0087
0.00906
0.00876
0.00918
0.00918
0.00858
0.00846
0.00852
0.00912
0.00924
0.00822
0.00804
0.00822
0.00792
0.00846
0.00924
0.00906
0.00888
0.00858
0.0087
0.00954
0.0096
0.00906
0.00894
0.00858
0.00816
0.00816
0.0084
0.00888
0.00876
0.00804
0.00804
0.00858
0.00876
0.00906
0.00954
0.0096
0.00894
0.00852
0.00858
0.00876
0.00858
0.0084
0.00822
0.0078
0.00756
0.00744
0.0078
0.0087
0.009
0.00852
0.00822
0.00852
0.0087
0.0087
0.00876
0.0087
0.00828
0.00744
0.0072
0.00798
0.0081
0.00744
0.00768
0.0078
0.00762
0.00798
0.00852
0.00924
0.0093
0.0087
0.00864
0.009
0.00888
0.00876
0.0087
0.00822
0.00774
0.0072
0.00708
0.00774
0.00822
0.0081
0.00822
0.00822
0.00792
0.00828
0.00924
0.01002
0.01002
0.0096
0.00942
0.00942
0.00924
0.00918
0.00912
0.00882
0.00834
0.0078
0.00792
0.00846
0.0087
0.00858
0.00858
0.00864
0.0087
0.00888
0.00948
0.0099
0.00942
0.00864
0.0084
0.00828
0.00804
0.00822
0.00852
0.00846
0.00816
0.00774
0.00798
0.00882
0.00912
0.009
0.00906
0.00888
0.00846
0.0084
0.00858
0.00894
0.00888
0.00822
0.00792
0.00822
0.00822
0.0084
0.00888
0.00918
0.00888
0.00846
0.00852
0.00912
0.00906
0.0087
0.00846
0.0081
0.00768
0.0075
0.0078
0.0084
0.00816
0.00744
0.00732
0.0075
0.00762
0.00804
0.00876
0.00912
0.00894
0.0087
0.00888
0.00948
0.0096
0.0093
0.00906
0.00846
0.00774
0.0075
0.00768
0.00792
0.00774
0.00726
0.0072
0.00768
0.0081
0.0087
0.00942
0.00966
0.0093
0.00876
0.00882
0.00924
0.009
0.00846
0.0081
0.00768
0.00738
0.0075
0.00786
0.0084
0.00864
0.00828
0.0084
0.00894
0.00906
0.00924
0.0096
0.00954
0.00906
0.0084
0.00822
0.00864
0.0087
0.00834
0.00816
0.0078
0.00732
0.00744
0.00816
0.00894
0.00912
0.00876
0.00888
0.00924
0.0093
0.00936
0.00966
0.00948
0.00864
0.00804
0.00816
0.0084
0.00834
0.00804
0.00792
0.00786
0.00768
0.0078
0.00852
0.0093
0.00936
0.00882
0.0087
0.00882
0.00864
0.00864
0.00858
0.00834
0.00792
0.0075
0.00762
0.00828
0.00846
0.00852
0.00876
0.0087
0.00846
0.0084
0.0087
0.00912
0.00894
0.00816
0.00792
0.00804
0.0081
0.00816
0.00834
0.00834
0.00816
0.0078
0.00786
0.0087
0.00906
0.00876
0.00876
0.0087
0.00834
0.00816
0.00858
0.00918
0.009
0.00822
0.00816
0.00852
0.0084
0.00828
0.00864
0.00876
0.00822
0.0078
0.00816
0.0087
0.00888
0.00882
0.00894
0.00888
0.00846
0.00834
0.0087
0.00906
0.00864
0.00792
0.00798
0.00816
0.0081
0.00852
0.00888
0.00888
0.00846
0.00792
0.00828
0.00894
0.00888
0.0087
0.00858
0.00816
0.0078
0.0078
0.00822
0.00882
0.00876
0.00822
0.00834
0.00882
0.009
0.0093
0.00966
0.00954
0.00888
0.00816
0.00822
0.0087
0.00852
0.00804
0.00786
0.00762
0.0072
0.0072
0.00774
0.00846
0.0087
0.00852
0.00876
0.0093
0.0096
0.00978
0.00996
0.00972
0.00888
0.0081
0.0081
0.00822
0.00792
0.00762
0.00768
0.0075
0.00732
0.00762
0.0084
0.00894
0.00876
0.00846
0.00876
0.00888
0.00882
0.00906
0.00924
0.00924
0.0087
0.00786
0.00804
0.00876
0.00864
0.00828
0.00834
0.00828
0.0081
0.00816
0.00858
0.0093
0.00924
0.00858
0.0084
0.00852
0.0084
0.00834
0.00816
0.0078
0.0075
0.00714
0.0075
0.00846
0.00882
0.00894
0.0093
0.00918
0.00894
0.00942
0.00978
0.00972
0.00918
0.00834
0.00798
0.00792
0.00786
0.00804
0.00822
0.00804
0.0075
0.00708
0.00774
0.00882
0.00912
0.00894
0.009
0.00924
0.00894
0.00852
0.009
0.0096
0.00924
0.00852
0.00822
0.00822
0.00834
0.0084
0.00852
0.00888
0.00876
0.00846
0.00876
0.00918
0.00918
0.009
0.00864
0.00804
0.00768
0.0078
0.00834
0.00882
0.00858
0.00822
0.00864
0.00882
0.00882
0.00942
0.00972
0.00936
0.00882
0.0084
0.00828
0.0084
0.0081
0.00774
0.00768
0.00738
0.0072
0.00756
0.0084
0.009
0.00888
0.00864
0.009
0.0093
0.00918
0.0096
0.01032
0.01008
0.00906
0.00852
0.00894
0.00906
0.00852
0.00846
0.00864
0.00798
0.00708
0.00744
0.00852
0.0087
0.00786
0.0078
0.00876
0.009
0.00858
0.00912
0.01026
0.01014
0.00882
0.00834
0.00888
0.00894
0.00876
0.00906
0.00906
0.00798
0.00702
0.00726
0.00744
0.00708
0.00714
0.00852
0.00978
0.00858
0.00648
0.00714
0.00924
0.01008
0.0102
0.01056
0.01104
0.0108
0.00912
0.00702
0.00546
0.00516
0.0069
0.00954
0.0111
0.0108
0.00942
0.00834
0.00786
0.00714
0.00696
0.00852
0.00942
0.00774
0.00498
0.00438
0.00684
0.01008
0.01188
0.01236
0.01218
0.01086
0.0084
0.00648
0.00588
0.00552
0.0045
0.00378
0.00438
0.00648
0.00978
0.01308
0.01434
0.01254
0.00954
0.00804
0.0093
0.0111
0.01044
0.0081
0.00666
0.00666
0.00768
0.009
0.00864
0.00594
0.00342
0.00372
0.00672
0.01038
0.01272
0.0126
0.01026
0.00774
0.00606
0.00564
0.0069
0.00834
0.00852
0.00894
0.01056
0.01182
0.012
0.01116
0.00966
0.00828
0.00726
0.00672
0.00732
0.00816
0.00864
0.0087
0.00768
0.00546
0.0033
0.00282
0.00492
0.00834
0.01128
0.01314
0.0138
0.0132
0.01206
0.0108
0.00972
0.00858
0.00732
0.00642
0.00642
0.00666
0.00666
0.0066
0.0066
0.0069
0.00732
0.00792
0.00918
0.01032
0.01074
0.01074
0.01062
0.01044
0.01002
0.00972
0.00966
0.00918
0.00792
0.00642
0.00498
0.00396
0.00396
0.00486
0.0066
0.00846
0.00996
0.01134
0.0123
0.01218
0.0111
0.01038
0.0099
0.00888
0.0081
0.00834
0.009
0.00912
0.0084
0.00762
0.00756
0.00762
0.00756
0.00792
0.00816
0.00786
0.00732
0.00684
0.00702
0.00792
0.00882
0.00954
0.00972
0.0096
0.00948
0.00948
0.00972
0.0096
0.00888
0.00858
0.009
0.00954
0.00978
0.0096
0.0093
0.00858
0.00726
0.00636
0.00636
0.00642
0.00654
0.00714
0.00768
0.00804
0.00858
0.00918
0.0102
0.01098
0.0105
0.00966
0.00936
0.00864
0.00798
0.0081
0.00822
0.00798
0.00738
0.00708
0.00786
0.0087
0.00846
0.0084
0.0087
0.00846
0.00834
0.0087
0.00924
0.0096
0.00894
0.0081
0.00798
0.0078
0.00756
0.00774
0.00792
0.0081
0.00816
0.0081
0.00882
0.00984
0.00996
0.00996
0.0099
0.0093
0.00888
0.00894
0.00876
0.00834
0.00768
0.00696
0.00684
0.00702
0.00738
0.00786
0.00828
0.00846
0.00834
0.00828
0.00912
0.00972
0.00942
0.009
0.00876
0.00822
0.00792
0.00792
0.00834
0.00876
0.0084
0.00816
0.00834
0.00864
0.00894
0.00912
0.00912
0.00906
0.00864
0.00816
0.00876
0.00924
0.00876
0.00822
0.00816
0.00792
0.0075
0.00744
0.00804
0.00822
0.00756
0.00726
0.00792
0.00816
0.00828
0.00912
0.0096
0.00912
0.0087
0.00876
0.00888
0.00912
0.00918
0.00894
0.00852
0.0078
0.00732
0.0075
0.00792
0.00834
0.00828
0.00816
0.00858
0.00906
0.00936
0.00948
0.00918
0.00858
0.00768
0.00678
0.00684
0.00738
0.00732
0.00738
0.00798
0.00846
0.0087
0.00924
0.01038
0.01092
0.01026
0.00978
0.00954
0.00888
0.00852
0.00858
0.00852
0.00816
0.00744
0.00702
0.0075
0.00798
0.00798
0.00804
0.0081
0.00816
0.0084
0.0087
0.0093
0.00966
0.00924
0.00876
0.0087
0.00852
0.00834
0.00828
0.00828
0.00798
0.00738
0.00732
0.00804
0.00882
0.009
0.00894
0.00918
0.00942
0.00924
0.00936
0.00978
0.0096
0.00852
0.00792
0.00786
0.00756
0.0075
0.00786
0.0081
0.00804
0.0078
0.00786
0.00876
0.00936
0.00924
0.00912
0.00888
0.00852
0.00816
0.00804
0.00846
0.00858
0.00804
0.00804
0.0087
0.00882
0.00912
0.00984
0.01002
0.00996
0.0093
0.00846
0.00864
0.00876
0.0081
0.00792
0.00756
0.00696
0.00702
0.0075
0.0084
0.00906
0.00852
0.00828
0.00882
0.00894
0.00912
0.00936
0.00918
0.00882
0.00804
0.00762
0.00822
0.0084
0.00786
0.00786
0.0081
0.00798
0.00768
0.00804
0.00894
0.00936
0.00912
0.00906
0.00936
0.00942
0.00942
0.00966
0.00966
0.00894
0.00792
0.00732
0.00744
0.00756
0.00732
0.0072
0.00708
0.0069
0.0072
0.00816
0.00924
0.00984
0.00948
0.00912
0.00966
0.00996
0.00996
0.0099
0.0096
0.00882
0.00792
0.00744
0.00774
0.00774
0.00726
0.00714
0.00696
0.00684
0.00708
0.0078
0.0087
0.00906
0.00846
0.00834
0.00882
0.00894
0.00912
0.00924
0.00918
0.00888
0.0084
0.0084
0.0093
0.00966
0.00906
0.00864
0.00852
0.00804
0.00792
0.00834
0.00864
0.0087
0.00828
0.0078
0.00786
0.00786
0.0078
0.00804
0.00828
0.00792
0.00756
0.00786
0.00888
0.00966
0.00984
0.01002
0.01026
0.00996
0.00936
0.00906
0.00906
0.00864
0.00756
0.0066
0.00636
0.0066
0.0072
0.00792
0.00864
0.00906
0.00894
0.00918
0.01026
0.0108
0.01038
0.00996
0.00942
0.00852
0.00786
0.00762
0.00762
0.00732
0.00648
0.00594
0.00636
0.00702
0.00798
0.00918
0.00984
0.00996
0.00984
0.0099
0.01044
0.01038
0.00948
0.00894
0.00828
0.00732
0.00696
0.00708
0.00744
0.00774
0.00762
0.00738
0.00804
0.0087
0.009
0.00924
0.00936
0.00888
0.00822
0.00804
0.0084
0.0087
0.00846
0.00834
0.00834
0.00816
0.00822
0.00882
0.00948
0.00954
0.009
0.00864
0.00882
0.00876
0.00858
0.0087
0.00888
0.0084
0.00762
0.00762
0.00816
0.0084
0.00828
0.00822
0.0081
0.00798
0.00804
0.00858
0.00948
0.0096
0.009
0.00876
0.00876
0.0087
0.00888
0.009
0.00876
0.00834
0.00762
0.00738
0.00786
0.00792
0.00762
0.00768
0.00786
0.00792
0.00816
0.00858
0.00918
0.00948
0.009
0.00846
0.0084
0.0084
0.00852
0.00876
0.00852
0.00804
0.00732
0.00732
0.00798
0.00834
0.00822
0.00822
0.00828
0.00834
0.00846
0.009
0.0096
0.00966
0.00912
0.00876
0.00876
0.00864
0.00846
0.00846
0.00834
0.0078
0.00702
0.00702
0.00798
0.00852
0.00846
0.00864
0.00876
0.00864
0.0087
0.009
0.00948
0.00942
0.00876
0.0084
0.00828
0.0081
0.00822
0.00858
0.00852
0.00828
0.00798
0.00792
0.00858
0.00894
0.00858
0.00852
0.00864
0.00822
0.00804
0.00846
0.009
0.009
0.0084
0.00822
0.00864
0.0087
0.00876
0.00918
0.00912
0.00846
0.00768
0.00768
0.0081
0.00816
0.00798
0.0081
0.00804
0.00762
0.00744
0.00804
0.00876
0.00894
0.0087
0.00864
0.00888
0.00912
0.00942
0.00978
0.00972
0.00912
0.00822
0.00804
0.00858
0.00852
0.00798
0.00774
0.00762
0.00726
0.0072
0.00798
0.00894
0.00906
0.00864
0.00852
0.00876
0.00876
0.00894
0.00924
0.00948
0.00894
0.00798
0.00792
0.00852
0.00822
0.00762
0.00774
0.00798
0.00804
0.0084
0.00858
0.00864
0.00852
0.00822
0.00846
0.00912
0.00924
0.00918
0.00912
0.00882
0.00828
0.00756
0.00714
0.00744
0.00798
0.00846
0.00894
0.00888
0.00858
0.00888
0.00972
0.01038
0.0102
0.00942
0.00888
0.0087
0.00816
0.00768
0.00756
0.00744
0.00702
0.00654
0.0069
0.00786
0.00852
0.00888
0.00924
0.00924
0.009
0.009
0.00942
0.00984
0.0096
0.00882
0.00828
0.00798
0.00792
0.00816
0.00834
0.00828
0.00798
0.00732
0.0072
0.00792
0.00846
0.00852
0.00864
0.00858
0.00846
0.00852
0.00906
0.0099
0.0099
0.00912
0.00882
0.00882
0.00852
0.0084
0.00852
0.00804
0.00732
0.00672
0.00648
0.0069
0.0075
0.00774
0.0081
0.00846
0.00852
0.00894
0.00984
0.0105
0.01032
0.00972
0.00942
0.00942
0.00936
0.00936
0.00954
0.0093
0.00858
0.00798
0.0081
0.00846
0.00834
0.0081
0.00804
0.00774
0.00744
0.00732
0.00762
0.00804
0.00804
0.00798
0.0084
0.009
0.00924
0.00966
0.0099
0.00966
0.00888
0.00792
0.00762
0.00798
0.00792
0.00756
0.00744
0.00726
0.00696
0.00732
0.0084
0.00972
0.0102
0.00972
0.00978
0.0102
0.00996
0.00966
0.00948
0.00888
0.00792
0.00702
0.00678
0.00732
0.00762
0.00732
0.00732
0.00756
0.00756
0.00774
0.00846
0.0093
0.00948
0.00906
0.00918
0.00978
0.00948
0.00912
0.00936
0.00906
0.00804
0.00762
0.00822
0.00846
0.00798
0.00792
0.00804
0.0075
0.00714
0.00792
0.00906
0.00948
0.0087
0.0081
0.00852
0.00906
0.00924
0.00948
0.00978
0.00948
0.00834
0.00756
0.00828
0.00906
0.00858
0.00774
0.00744
0.00714
0.0069
0.00726
0.00816
0.00906
0.00882
0.00792
0.00792
0.00876
0.00966
0.01008
0.01002
0.00936
0.0087
0.00828
0.00834
0.00924
0.00918
0.00822
0.00804
0.00732
0.00648
0.00678
0.00744
0.00822
0.00858
0.00798
0.00786
0.00846
0.0087
0.009
0.00942
0.00924
0.00876
0.0084
0.0084
0.00876
0.00882
0.00852
0.00858
0.0087
0.0087
0.00858
0.00864
0.00882
0.00834
0.00768
0.00774
0.00792
0.00798
0.00834
0.0084
0.00834
0.00822
0.0081
0.00852
0.00918
0.00894
0.00834
0.00804
0.00768
0.00744
0.00756
0.00786
0.00846
0.00846
0.00804
0.0084
0.00894
0.00906
0.00936
0.00948
0.00924
0.00882
0.00804
0.00786
0.00828
0.00798
0.00756
0.00768
0.00744
0.00732
0.00792
0.00864
0.0093
0.00972
0.0093
0.00918
0.0096
0.00942
0.00924
0.00954
0.00924
0.00834
0.0078
0.00786
0.00792
0.00762
0.00714
0.00684
0.00666
0.00666
0.00708
0.0081
0.00912
0.00912
0.0087
0.00906
0.00954
0.0096
0.00966
0.00972
0.00936
0.00876
0.00816
0.00804
0.0084
0.00828
0.00792
0.00792
0.0078
0.00774
0.00804
0.00858
0.00924
0.009
0.0081
0.00792
0.00822
0.00828
0.0084
0.00858
0.00852
0.00792
0.00738
0.0078
0.00864
0.00858
0.00834
0.00852
0.00822
0.0078
0.00804
0.00858
0.009
0.0087
0.00804
0.00786
0.00798
0.00798
0.0084
0.00912
0.00912
0.00834
0.00792
0.00822
0.00876
0.009
0.00912
0.009
0.00852
0.00798
0.00798
0.0084
0.00858
0.00822
0.00762
0.00738
0.0075
0.00786
0.00834
0.00864
0.00876
0.00858
0.0084
0.00876
0.00924
0.00912
0.00882
0.0084
0.00768
0.0072
0.0072
0.00762
0.00816
0.00792
0.00774
0.0084
0.00882
0.00906
0.00966
0.0099
0.00948
0.00876
0.0081
0.00816
0.00828
0.00756
0.00696
0.00678
0.0063
0.00624
0.0069
0.00798
0.00876
0.00876
0.00846
0.00906
0.00966
0.00966
0.0099
0.01026
0.00996
0.00894
0.00774
0.00738
0.0078
0.0078
0.0075
0.00726
0.00684
0.0066
0.00702
0.00828
0.00948
0.00966
0.00948
0.00942
0.00912
0.0087
0.00876
0.00906
0.00876
0.00798
0.0072
0.00726
0.0078
0.00792
0.00828
0.00876
0.00852
0.00828
0.00882
0.00978
0.01032
0.00966
0.00864
0.00828
0.0078
0.00726
0.00738
0.00756
0.00726
0.00702
0.00726
0.00822
0.00936
0.0099
0.01032
0.01074
0.01032
0.0096
0.00948
0.0096
0.00936
0.00834
0.00708
0.00672
0.00672
0.00648
0.00684
0.00756
0.00792
0.00798
0.00804
0.0087
0.0096
0.00972
0.00942
0.0093
0.009
0.00852
0.00846
0.00894
0.00918
0.00864
0.00792
0.00756
0.00756
0.00762
0.00774
0.00804
0.00816
0.00792
0.00792
0.0087
0.00948
0.00972
0.00996
0.00978
0.00882
0.00786
0.00756
0.00816
0.00888
0.0087
0.0081
0.00786
0.00762
0.00768
0.00852
0.00924
0.00912
0.00846
0.00768
0.0078
0.0087
0.00894
0.00882
0.0087
0.00822
0.00798
0.00846
0.00936
0.01032
0.01044
0.0096
0.009
0.00864
0.00816
0.00798
0.0078
0.00726
0.0066
0.00618
0.00666
0.00786
0.00858
0.00894
0.00924
0.00924
0.00906
0.00912
0.0096
0.00984
0.0093
0.00852
0.00822
0.00822
0.00798
0.00798
0.00846
0.0087
0.00846
0.00834
0.00876
0.00912
0.00918
0.00918
0.00888
0.00834
0.00804
0.0078
0.00816
0.00858
0.00816
0.00744
0.0075
0.00792
0.00834
0.00906
0.00954
0.00924
0.00858
0.00822
0.00882
0.00936
0.00882
0.00816
0.00798
0.0075
0.00708
0.00738
0.00834
0.00924
0.00942
0.00894
0.009
0.00912
0.00894
0.00912
0.0093
0.00894
0.0084
0.00792
0.0078
0.00792
0.00768
0.0078
0.0081
0.00804
0.0078
0.0078
0.00804
0.00858
0.00888
0.00888
0.00906
0.009
0.0087
0.00876
0.00912
0.009
0.00834
0.00786
0.00804
0.0081
0.00804
0.00822
0.00828
0.00822
0.0081
0.00798
0.00846
0.00924
0.00906
0.00858
0.00858
0.00858
0.0087
0.00906
0.00942
0.0096
0.00918
0.0087
0.00888
0.00894
0.00876
0.00894
0.00888
0.00828
0.0078
0.00774
0.0081
0.00852
0.00828
0.00786
0.0081
0.00846
0.00858
0.00906
0.00942
0.00924
0.00888
0.00858
0.0087
0.00888
0.00876
0.0087
0.00864
0.00816
0.00786
0.00816
0.00882
0.00924
0.00906
0.00852
0.00858
0.00876
0.00852
0.0087
0.00894
0.00852
0.00786
0.00768
0.0081
0.0084
0.00822
0.00816
0.0081
0.0081
0.00822
0.00858
0.0093
0.00972
0.00912
0.00852
0.00846
0.00852
0.00846
0.00852
0.00864
0.00852
0.00804
0.00774
0.00834
0.00888
0.00864
0.00858
0.0087
0.00864
0.00858
0.00864
0.009
0.0093
0.00894
0.0084
0.00822
0.0081
0.00798
0.00828
0.00852
0.00828
0.00798
0.00798
0.00852
0.0093
0.00948
0.00942
0.0096
0.00948
0.00918
0.0093
0.00984
0.01002
0.00948
0.0087
0.0084
0.00816
0.00774
0.00792
0.00828
0.00804
0.00744
0.00726
0.00756
0.00798
0.00822
0.00852
0.00888
0.009
0.00894
0.00918
0.00978
0.01014
0.0096
0.00888
0.0087
0.00858
0.00846
0.0084
0.00828
0.00798
0.00732
0.0072
0.00792
0.00852
0.00864
0.00888
0.00918
0.00912
0.00906
0.00924
0.0096
0.00966
0.00912
0.00846
0.00822
0.00798
0.00798
0.00816
0.00828
0.00816
0.00774
0.00738
0.00798
0.00876
0.0087
0.00846
0.0084
0.00822
0.00816
0.00846
0.00882
0.00906
0.0087
0.00816
0.0081
0.00822
0.00828
0.00858
0.00888
0.00882
0.0084
0.0081
0.00858
0.00918
0.00894
0.00852
0.0084
0.00822
0.0078
0.00792
0.00876
0.00906
0.0087
0.0084
0.00858
0.00912
0.0093
0.00924
0.00948
0.00918
0.00846
0.00804
0.00816
0.00846
0.00816
0.00786
0.0081
0.00774
0.00762
0.0081
0.00858
0.00912
0.00918
0.0087
0.00882
0.00894
0.00894
0.0093
0.0093
0.00882
0.00828
0.00774
0.0078
0.0081
0.00774
0.00756
0.00762
0.00738
0.00738
0.00774
0.00822
0.00888
0.00894
0.00852
0.00864
0.00882
0.0087
0.00876
0.00894
0.00846
0.00768
0.00768
0.00828
0.00846
0.00804
0.00774
0.00768
0.00792
0.00816
0.00852
0.009
0.00906
0.00852
0.00816
0.00834
0.00852
0.00852
0.00846
0.00822
0.00774
0.0072
0.00726
0.0081
0.00864
0.0084
0.00828
0.00816
0.00798
0.0081
0.00834
0.009
0.0093
0.00876
0.0084
0.0084
0.00798
0.00774
0.00804
0.00828
0.0081
0.0078
0.0078
0.00816
0.00858
0.0087
0.00888
0.00888
0.00846
0.00816
0.0081
0.0084
0.0087
0.00846
0.00798
0.00804
0.00822
0.0081
0.00834
0.00876
0.00864
0.00804
0.00792
0.0084
0.00864
0.00864
0.009
0.00894
0.00834
0.00816
0.00834
0.00852
0.00894
0.0087
0.00804
0.00822
0.00846
0.00822
0.0084
0.00906
0.00888
0.00804
0.0081
0.0087
0.00846
0.00828
0.00876
0.00864
0.00804
0.0084
0.00876
0.00864
0.00882
0.0087
0.00822
0.00816
0.00816
0.00816
0.00816
0.00834
0.00864
0.00816
0.0078
0.0087
0.00912
0.00834
0.00846
0.009
0.00846
0.00804
0.00852
0.00912
0.00894
0.0084
0.00852
0.00894
0.00876
0.0087
0.00912
0.00906
0.0084
0.00786
0.00774
0.00804
0.00822
0.0081
0.0081
0.00804
0.00786
0.00804
0.00858
0.00936
0.00966
0.00924
0.00888
0.00882
0.00882
0.00894
0.00912
0.00894
0.00846
0.00786
0.00756
0.00774
0.00792
0.00792
0.00804
0.0078
0.00744
0.00744
0.0078
0.00852
0.00888
0.00864
0.00858
0.0087
0.00858
0.00864
0.00912
0.00936
0.00888
0.00822
0.00792
0.00822
0.00822
0.00792
0.00792
0.00786
0.00762
0.00774
0.00822
0.00912
0.00972
0.00942
0.009
0.00906
0.00882
0.0087
0.00882
0.00852
0.00798
0.00756
0.00738
0.00786
0.0084
0.0084
0.0084
0.00822
0.00786
0.00774
0.0081
0.00876
0.00894
0.00834
0.00786
0.0081
0.0084
0.00876
0.00924
0.00954
0.00924
0.0087
0.0087
0.00918
0.00936
0.00912
0.00882
0.00858
0.00816
0.0078
0.0078
0.00822
0.00828
0.00756
0.00726
0.00756
0.00792
0.00822
0.00858
0.00894
0.00906
0.00876
0.00858
0.0093
0.00954
0.00918
0.00894
0.0084
0.00756
0.00708
0.00714
0.0078
0.00822
0.00792
0.00786
0.00828
0.00834
0.00876
0.0096
0.00972
0.00888
0.00834
0.00828
0.0084
0.0087
0.00888
0.00894
0.00876
0.00816
0.00786
0.00798
0.00804
0.00816
0.0078
0.00768
0.00804
0.00798
0.00828
0.009
0.00912
0.00882
0.0084
0.00828
0.00864
0.00846
0.00798
0.0078
0.00756
0.00744
0.00786
0.00852
0.00936
0.00972
0.00918
0.00888
0.00894
0.00864
0.00846
0.00852
0.00852
0.00816
0.0075
0.00732
0.0081
0.00852
0.00822
0.00834
0.00858
0.00858
0.00864
0.009
0.00966
0.00984
0.00912
0.00876
0.00894
0.00882
0.00864
0.00858
0.0084
0.00804
0.00732
0.00708
0.0078
0.0084
0.00822
0.00816
0.00816
0.00798
0.0081
0.0084
0.0087
0.00882
0.00834
0.00786
0.00804
0.00834
0.00858
0.00912
0.00954
0.00924
0.00864
0.00858
0.00894
0.00882
0.00834
0.00822
0.00816
0.0078
0.00738
0.00756
0.0081
0.00822
0.00786
0.0078
0.00804
0.00816
0.00846
0.00882
0.00918
0.00906
0.00834
0.00822
0.00888
0.00936
0.00936
0.00936
0.00918
0.00864
0.00834
0.00852
0.00888
0.00882
0.00804
0.00756
0.00786
0.00804
0.00816
0.00864
0.00912
0.00882
0.0081
0.00822
0.00918
0.00912
0.0087
0.00912
0.00912
0.00822
0.00792
0.00822
0.00852
0.00858
0.00828
0.0081
0.0084
0.00876
0.00888
0.00924
0.0096
0.0093
0.00834
0.00816
0.00864
0.00858
0.00816
0.0081
0.00792
0.0075
0.00738
0.00768
0.00828
0.00846
0.00822
0.00828
0.0087
0.00912
0.00948
0.0096
0.0096
0.0093
0.00852
0.00834
0.0087
0.0084
0.00774
0.00762
0.00756
0.0075
0.00756
0.00786
0.0087
0.00906
0.0087
0.00858
0.00876
0.0087
0.00888
0.00906
0.00876
0.00822
0.00768
0.00756
0.00792
0.00816
0.00828
0.00846
0.00846
0.00822
0.00834
0.00894
0.0093
0.00906
0.00852
0.00828
0.00828
0.0081
0.00816
0.00852
0.00864
0.00822
0.00768
0.0078
0.0084
0.00864
0.00852
0.0084
0.00834
0.00834
0.00822
0.00834
0.00864
0.00858
0.00804
0.00774
0.00774
0.00774
0.00798
0.0084
0.00858
0.00846
0.00822
0.00852
0.00924
0.00942
0.0093
0.0093
0.009
0.00858
0.00834
0.00834
0.0087
0.00876
0.00798
0.00744
0.00756
0.00774
0.00804
0.00822
0.00834
0.00846
0.00816
0.00804
0.00888
0.00936
0.00918
0.00918
0.00894
0.00828
0.0081
0.00834
0.00864
0.00858
0.0081
0.0078
0.00786
0.0081
0.00846
0.00876
0.00882
0.0087
0.00828
0.0081
0.00846
0.00852
0.0081
0.00792
0.0078
0.00756
0.0075
0.00786
0.00834
0.00834
0.0081
0.00834
0.00864
0.00882
0.00918
0.00942
0.00948
0.00906
0.00828
0.0081
0.0084
0.00834
0.00798
0.00774
0.00744
0.00732
0.00756
0.00798
0.0087
0.00888
0.00834
0.0084
0.00876
0.00876
0.00894
0.00912
0.009
0.00858
0.00804
0.00798
0.0084
0.00834
0.0081
0.00834
0.00816
0.00786
0.00816
0.00888
0.00942
0.00948
0.00906
0.00894
0.00924
0.00918
0.00894
0.00894
0.00858
0.00792
0.00738
0.00732
0.0078
0.0081
0.00798
0.00816
0.0084
0.00816
0.00816
0.00906
0.0096
0.00918
0.00858
0.00846
0.00846
0.0084
0.00858
0.00882
0.00876
0.0084
0.00786
0.00792
0.00858
0.00882
0.0087
0.00864
0.00852
0.00852
0.00846
0.00864
0.00924
0.00912
0.00828
0.00798
0.00804
0.0081
0.00858
0.00894
0.00882
0.0084
0.00798
0.0081
0.00876
0.00894
0.0087
0.00858
0.00828
0.00792
0.0078
0.00816
0.0087
0.00882
0.0084
0.00822
0.00858
0.00858
0.00876
0.00924
0.00918
0.00864
0.0081
0.00804
0.00846
0.00858
0.00828
0.00828
0.00822
0.00804
0.00792
0.0084
0.009
0.00894
0.00858
0.00846
0.00852
0.00864
0.00882
0.00918
0.00924
0.00876
0.0081
0.00828
0.00876
0.00864
0.00852
0.00846
0.00822
0.00822
0.0084
0.00876
0.00954
0.00942
0.00858
0.00846
0.00858
0.00834
0.00834
0.00852
0.0084
0.00798
0.00756
0.0078
0.00846
0.0087
0.00864
0.00876
0.00852
0.00834
0.00852
0.00894
0.00954
0.00954
0.00894
0.00876
0.00876
0.00864
0.00882
0.00888
0.00858
0.00804
0.00738
0.00726
0.00774
0.00792
0.00792
0.00822
0.00834
0.00828
0.00864
0.00942
0.01008
0.01008
0.00948
0.00912
0.00912
0.00888
0.00858
0.00858
0.00846
0.0078
0.00708
0.00726
0.00792
0.00822
0.00834
0.00852
0.0084
0.00822
0.00834
0.00882
0.00948
0.00942
0.00876
0.00858
0.0087
0.00846
0.00864
0.00894
0.00882
0.00846
0.00798
0.00816
0.00888
0.00894
0.00876
0.00894
0.0087
0.0084
0.00846
0.00882
0.0093
0.00918
0.00834
0.00816
0.00834
0.00822
0.00846
0.00894
0.00894
0.00858
0.00822
0.00834
0.00876
0.00876
0.00846
0.0084
0.00816
0.00774
0.00786
0.00846
0.00894
0.00894
0.00852
0.00852
0.00882
0.00906
0.00942
0.00972
0.0096
0.00894
0.0084
0.00852
0.0087
0.00858
0.00828
0.00804
0.00768
0.00738
0.00744
0.00774
0.00822
0.00822
0.00798
0.00828
0.0087
0.00876
0.00918
0.0099
0.0099
0.00936
0.0087
0.00876
0.00918
0.00906
0.00876
0.00864
0.00816
0.00774
0.00774
0.0081
0.0087
0.00852
0.00774
0.00756
0.00786
0.00816
0.00852
0.00864
0.0084
0.00792
0.0075
0.00774
0.00834
0.00834
0.00816
0.00828
0.00816
0.00804
0.00828
0.00888
0.00948
0.00942
0.00888
0.00876
0.0087
0.00852
0.00858
0.0087
0.00822
0.0075
0.00702
0.00708
0.00744
0.00762
0.00762
0.00774
0.0078
0.0078
0.0081
0.00882
0.00942
0.00918
0.00882
0.00876
0.0087
0.00852
0.00876
0.009
0.00894
0.00846
0.00804
0.00822
0.00858
0.00846
0.0084
0.0084
0.00816
0.0078
0.0078
0.00834
0.009
0.00876
0.00822
0.00834
0.0084
0.00822
0.00858
0.00894
0.00888
0.00834
0.00786
0.00816
0.00882
0.00876
0.00858
0.00882
0.00864
0.0081
0.00816
0.00858
0.00882
0.00876
0.00834
0.0081
0.00816
0.00816
0.00816
0.00834
0.00834
0.00786
0.00744
0.00786
0.00846
0.00864
0.00876
0.00894
0.00882
0.00864
0.00858
0.00894
0.00936
0.00906
0.0084
0.00816
0.0081
0.00816
0.00846
0.00864
0.00858
0.0081
0.0078
0.00822
0.00864
0.00846
0.0084
0.00828
0.00786
0.00762
0.00768
0.00822
0.00888
0.00882
0.00846
0.00864
0.00894
0.00912
0.00948
0.00972
0.00924
0.00834
0.00762
0.00762
0.00804
0.00786
0.00768
0.0078
0.00762
0.00738
0.00792
0.00876
0.00936
0.00942
0.00906
0.009
0.00924
0.00942
0.00942
0.00924
0.00876
0.00792
0.00732
0.00762
0.0081
0.00804
0.0078
0.00768
0.00762
0.00768
0.00804
0.009
0.0099
0.00972
0.009
0.00888
0.009
0.00912
0.00936
0.00924
0.00894
0.00846
0.0078
0.00804
0.0084
0.00822
0.00816
0.00834
0.00822
0.0081
0.00828
0.00906
0.0099
0.00978
0.00906
0.00888
0.009
0.00876
0.00858
0.0087
0.00858
0.00804
0.00768
0.0081
0.00846
0.00834
0.0084
0.00864
0.00852
0.00852
0.0087
0.009
0.00948
0.0093
0.0087
0.00882
0.00906
0.00882
0.00894
0.0093
0.00906
0.00822
0.00774
0.00804
0.00858
0.00858
0.00846
0.00858
0.00852
0.0084
0.00852
0.00918
0.00966
0.00912
0.00858
0.00876
0.00876
0.00864
0.00906
0.00936
0.00912
0.0087
0.00846
0.00888
0.0093
0.0093
0.00918
0.00888
0.00852
0.00816
0.00804
0.00864
0.00918
0.00876
0.00816
0.0084
0.00846
0.00852
0.00906
0.00948
0.00948
0.00906
0.00864
0.009
0.00948
0.00924
0.00864
0.0084
0.0081
0.0078
0.00792
0.00834
0.00864
0.0084
0.00798
0.0081
0.00846
0.0087
0.00918
0.0096
0.00948
0.00888
0.00846
0.00864
0.00876
0.0084
0.0081
0.00816
0.00786
0.00756
0.00798
0.0087
0.0093
0.00924
0.00894
0.009
0.00906
0.00906
0.00924
0.00924
0.00894
0.00816
0.00738
0.0075
0.0078
0.00762
0.0075
0.00768
0.00774
0.0078
0.00816
0.00894
0.00966
0.00942
0.009
0.00924
0.0096
0.00972
0.0099
0.00966
0.00918
0.0084
0.00756
0.0075
0.00786
0.0075
0.00732
0.00756
0.00744
0.00738
0.00798
0.00876
0.00924
0.00912
0.0087
0.00876
0.00894
0.00882
0.00894
0.00912
0.009
0.00858
0.00828
0.00846
0.00876
0.00858
0.00846
0.00852
0.00828
0.00792
0.00816
0.0087
0.00894
0.00858
0.00786
0.00774
0.00792
0.00792
0.00816
0.00852
0.00858
0.00816
0.00792
0.0084
0.00906
0.00912
0.00912
0.00894
0.0087
0.0087
0.00876
0.00906
0.0093
0.00876
0.00822
0.00834
0.00828
0.00828
0.00858
0.0087
0.00858
0.0081
0.0078
0.0084
0.009
0.00894
0.00888
0.00894
0.00852
0.00828
0.00852
0.00888
0.00906
0.00876
0.00834
0.00834
0.00852
0.0087
0.00918
0.00966
0.00954
0.009
0.00888
0.0093
0.0096
0.00924
0.00876
0.0084
0.0078
0.0072
0.00714
0.0078
0.00846
0.00834
0.0081
0.00834
0.00864
0.009
0.00942
0.00966
0.00948
0.00906
0.00864
0.0087
0.009
0.0087
0.00834
0.00816
0.00792
0.00762
0.00762
0.00816
0.00882
0.00852
0.00804
0.00822
0.0087
0.0093
0.00978
0.00972
0.00936
0.00876
0.00822
0.00852
0.00864
0.00786
0.00756
0.00762
0.00726
0.00726
0.00786
0.00888
0.00978
0.00978
0.00972
0.0102
0.01014
0.00984
0.00996
0.0099
0.00924
0.00834
0.00774
0.0078
0.0081
0.00792
0.00762
0.00768
0.00756
0.00756
0.00798
0.0087
0.00918
0.00906
0.00864
0.0087
0.00918
0.00942
0.00954
0.00978
0.00942
0.00846
0.0081
0.00846
0.00876
0.0087
0.00858
0.00834
0.00816
0.00822
0.00846
0.00912
0.00948
0.00876
0.00828
0.00858
0.00858
0.0084
0.00864
0.00876
0.00882
0.0084
0.00792
0.00834
0.00882
0.0084
0.0084
0.00858
0.00834
0.00822
0.00852
0.00918
0.00966
0.00936
0.00888
0.00906
0.00924
0.00924
0.00942
0.0093
0.00888
0.00828
0.00792
0.00822
0.00852
0.0084
0.0084
0.00834
0.00804
0.00804
0.00834
0.00876
0.00912
0.0087
0.00822
0.00846
0.00858
0.00858
0.009
0.00912
0.0087
0.00846
0.00852
0.00876
0.00906
0.009
0.00882
0.00864
0.00834
0.00804
0.00822
0.00882
0.009
0.00846
0.0081
0.00816
0.00822
0.00846
0.00876
0.00876
0.00864
0.00822
0.0078
0.00816
0.00852
0.00846
0.00846
0.00834
0.00804
0.00828
0.0087
0.00942
0.01008
0.0096
0.00894
0.00912
0.009
0.0087
0.00876
0.00864
0.00804
0.00732
0.00684
0.00726
0.0078
0.00774
0.00786
0.00804
0.00792
0.00816
0.00894
0.0096
0.0099
0.00966
0.00924
0.00918
0.00924
0.00918
0.00912
0.00894
0.00846
0.00768
0.00732
0.00768
0.00792
0.00786
0.00798
0.00798
0.00792
0.00798
0.00858
0.00942
0.0096
0.00936
0.00924
0.00912
0.009
0.00912
0.00912
0.00888
0.00846
0.00786
0.00756
0.00804
0.00858
0.00858
0.0087
0.00894
0.00876
0.00864
0.00882
0.00924
0.00942
0.00888
0.00822
0.0081
0.00804
0.00786
0.00792
0.00804
0.00798
0.00768
0.00768
0.0084
0.00912
0.00918
0.00924
0.00924
0.00888
0.00858
0.00846
0.00864
0.00888
0.00852
0.0081
0.00834
0.00852
0.00858
0.0087
0.00858
0.0084
0.00822
0.0084
0.00894
0.00912
0.00888
0.00876
0.0087
0.0084
0.00804
0.00798
0.00852
0.00882
0.00846
0.00822
0.00828
0.00828
0.00822
0.0084
0.00876
0.00918
0.00894
0.00864
0.00894
0.00882
0.00828
0.00804
0.00768
0.00762
0.00822
0.00852
0.00882
0.00906
0.00846
0.00804
0.00852
0.00882
0.00918
0.00966
0.0093
0.00858
0.00792
0.00774
0.00846
0.009
0.00882
0.00858
0.00816
0.00774
0.0078
0.00846
0.00942
0.0099
0.0093
0.00834
0.00768
0.00738
0.0078
0.00888
0.00966
0.00942
0.0087
0.00828
0.00852
0.00876
0.00852
0.00852
0.00876
0.00876
0.00852
0.00846
0.00852
0.00822
0.00774
0.00774
0.0081
0.00798
0.00792
0.00834
0.00894
0.00924
0.00894
0.00876
0.00924
0.00948
0.00906
0.00858
0.0081
0.00786
0.00798
0.00828
0.00894
0.00912
0.0084
0.00798
0.0084
0.00882
0.00918
0.00942
0.009
0.00834
0.00756
0.0072
0.0078
0.00828
0.00798
0.00798
0.0081
0.0081
0.0084
0.00894
0.00954
0.00972
0.009
0.00852
0.00894
0.00894
0.00864
0.0087
0.0087
0.00822
0.00786
0.00792
0.00834
0.00864
0.00858
0.00852
0.00834
0.0081
0.0081
0.00858
0.00912
0.00912
0.00864
0.0084
0.0084
0.00834
0.00834
0.00834
0.00846
0.00846
0.00792
0.0078
0.00846
0.00864
0.00852
0.00894
0.00918
0.00906
0.00906
0.00942
0.01002
0.01002
0.00924
0.00882
0.0087
0.00852
0.00864
0.00876
0.00834
0.00774
0.00708
0.00678
0.00708
0.00744
0.00744
0.00762
0.00768
0.00762
0.00804
0.00906
0.01008
0.01062
0.01044
0.01026
0.01044
0.0102
0.00984
0.00972
0.0093
0.00846
0.00756
0.0072
0.00744
0.00738
0.00684
0.00666
0.00666
0.00654
0.00684
0.00798
0.0093
0.01014
0.0102
0.01026
0.01056
0.01056
0.01032
0.01002
0.00954
0.00876
0.00762
0.00726
0.00756
0.00744
0.00726
0.00726
0.00714
0.00714
0.00738
0.00768
0.00852
0.009
0.00876
0.00882
0.00906
0.00918
0.0096
0.01002
0.01002
0.00948
0.0087
0.00846
0.00888
0.00888
0.0084
0.0084
0.00816
0.00774
0.00774
0.00822
0.00882
0.009
0.0084
0.0078
0.00792
0.00786
0.00786
0.00822
0.00846
0.00822
0.00798
0.00834
0.00918
0.00966
0.00972
0.00984
0.00972
0.00918
0.00882
0.00912
0.00948
0.00918
0.0084
0.0078
0.00744
0.00744
0.00786
0.0081
0.00816
0.0081
0.0078
0.00816
0.00924
0.00978
0.00978
0.00978
0.0093
0.0087
0.00834
0.00816
0.00834
0.00828
0.00744
0.00708
0.0075
0.0078
0.00834
0.00894
0.00924
0.009
0.00834
0.00846
0.00924
0.00942
0.00924
0.00942
0.00918
0.00882
0.00888
0.00912
0.0093
0.00906
0.00822
0.00768
0.00768
0.0075
0.0075
0.00804
0.00816
0.00774
0.00756
0.00786
0.00846
0.00864
0.0084
0.00882
0.00912
0.00858
0.00834
0.00888
0.00924
0.00876
0.0081
0.00804
0.00834
0.00816
0.00828
0.00882
0.00894
0.00798
0.00726
0.00792
0.00888
0.00942
0.00966
0.0096
0.009
0.00828
0.00774
0.00798
0.00876
0.00906
0.00882
0.00912
0.00918
0.0087
0.0084
0.00822
0.00816
0.00822
0.0081
0.00858
0.00996
0.01038
0.0099
0.00954
0.0087
0.00786
0.0078
0.00816
0.00858
0.00882
0.00876
0.00894
0.00918
0.00882
0.0084
0.00828
0.00828
0.0081
0.00774
0.00804
0.00906
0.00948
0.00894
0.00858
0.00822
0.00744
0.00744
0.00834
0.00924
0.00978
0.0099
0.00996
0.01002
0.00984
0.0096
0.00918
0.0087
0.00828
0.0078
0.0078
0.0084
0.00882
0.0087
0.0084
0.00774
0.00702
0.00672
0.00738
0.0084
0.00888
0.00888
0.00912
0.00966
0.00984
0.00984
0.00954
0.00912
0.00876
0.00822
0.00834
0.00924
0.00924
0.009
0.00906
0.00858
0.00786
0.00726
0.0072
0.00816
0.0084
0.0081
0.00858
0.009
0.00906
0.00936
0.00942
0.00906
0.0087
0.0084
0.00846
0.00906
0.0096
0.00966
0.00936
0.00894
0.00816
0.00714
0.00702
0.00762
0.00762
0.00732
0.00798
0.00888
0.00924
0.00966
0.0102
0.0099
0.00906
0.0087
0.00906
0.00972
0.01002
0.01002
0.00978
0.00936
0.0087
0.00762
0.00708
0.00732
0.00702
0.0063
0.00666
0.00744
0.00762
0.00828
0.00918
0.00912
0.00846
0.00834
0.00894
0.00996
0.01056
0.01092
0.01092
0.01032
0.00978
0.0093
0.0084
0.00786
0.00756
0.00666
0.0063
0.00696
0.00738
0.00762
0.00804
0.00822
0.00756
0.00678
0.00714
0.0081
0.0087
0.0093
0.01032
0.01062
0.01032
0.01026
0.01056
0.01068
0.01002
0.00918
0.00876
0.00864
0.00852
0.00822
0.00756
0.00684
0.00576
0.00498
0.0051
0.00594
0.00666
0.00756
0.00852
0.0093
0.00996
0.01074
0.0114
0.01176
0.01146
0.01056
0.00984
0.00954
0.00924
0.00876
0.00834
0.00792
0.00702
0.006
0.00594
0.00654
0.00678
0.00708
0.00756
0.0078
0.00846
0.0093
0.00996
0.01062
0.0108
0.01002
0.00936
0.009
0.0084
0.00816
0.00816
0.00792
0.00732
0.00678
0.00726
0.00822
0.00828
0.00828
0.00882
0.00882
0.0087
0.00912
0.00948
0.00966
0.00954
0.00894
0.00876
0.00894
0.00876
0.0087
0.00894
0.009
0.00864
0.00822
0.00822
0.00846
0.00822
0.00792
0.00798
0.00786
0.00756
0.00738
0.00822
0.0093
0.009
0.00822
0.00852
0.00894
0.0093
0.01014
0.01068
0.01014
0.00882
0.00798
0.00816
0.00846
0.00858
0.00888
0.00882
0.00786
0.00708
0.00708
0.00738
0.00804
0.0084
0.00846
0.00876
0.0087
0.00846
0.00876
0.009
0.009
0.00906
0.00888
0.00912
0.00936
0.00882
0.00846
0.00846
0.00822
0.00804
0.0084
0.009
0.00906
0.00852
0.00804
0.00822
0.00858
0.00852
0.00894
0.00954
0.00924
0.0081
0.00738
0.00756
0.00798
0.0081
0.00816
0.00852
0.00846
0.00792
0.0078
0.00864
0.00948
0.00942
0.00912
0.00942
0.0096
0.0093
0.00894
0.00882
0.00876
0.00804
0.00756
0.00828
0.0093
0.0093
0.00858
0.00798
0.00762
0.00738
0.0075
0.00834
0.00942
0.00948
0.0084
0.00762
0.00762
0.0078
0.00804
0.00834
0.00876
0.00906
0.009
0.00882
0.00882
0.00882
0.00912
0.00942
0.00918
0.00918
0.00954
0.00966
0.0093
0.00846
0.0075
0.00732
0.00738
0.00744
0.00834
0.00942
0.00942
0.00846
0.00756
0.00762
0.0084
0.00852
0.00828
0.0087
0.0093
0.00918
0.00846
0.00834
0.0087
0.00882
0.00846
0.00834
0.00894
0.00972
0.0099
0.0093
0.00834
0.00744
0.00708
0.00738
0.00762
0.0078
0.00846
0.00894
0.00882
0.00834
0.00822
0.00882
0.00936
0.00906
0.0087
0.00918
0.0096
0.00924
0.00846
0.00804
0.00804
0.00786
0.00738
0.00786
0.00912
0.00966
0.00936
0.00864
0.00768
0.00726
0.00762
0.00828
0.00882
0.00918
0.0093
0.0093
0.00882
0.00822
0.00834
0.00888
0.00906
0.0087
0.00822
0.00864
0.00936
0.00882
0.0078
0.00768
0.0078
0.00768
0.00822
0.00942
0.0102
0.00972
0.00888
0.0084
0.0081
0.00786
0.00804
0.00846
0.00882
0.00858
0.00798
0.00798
0.00822
0.00816
0.00816
0.00846
0.00858
0.0087
0.00882
0.0093
0.0099
0.00942
0.00852
0.00834
0.00834
0.00822
0.00846
0.00876
0.0087
0.00828
0.00774
0.0081
0.00876
0.00888
0.00888
0.00894
0.00852
0.00822
0.00828
0.00858
0.00894
0.00858
0.00786
0.00786
0.00804
0.00798
0.00834
0.00876
0.00858
0.0081
0.00816
0.00888
0.00954
0.00942
0.00918
0.00894
0.00852
0.00804
0.00804
0.0084
0.00882
0.00876
0.00828
0.00828
0.00858
0.00882
0.00912
0.0093
0.0093
0.00888
0.00834
0.00864
0.00894
0.0084
0.0081
0.00852
0.0084
0.0078
0.0075
0.00804
0.00876
0.00858
0.00858
0.0093
0.00948
0.00918
0.00948
0.00972
0.00936
0.00906
0.0093
0.00984
0.00954
0.00852
0.00798
0.0078
0.00714
0.00696
0.00774
0.00858
0.0087
0.00804
0.00744
0.0078
0.0084
0.0087
0.00954
0.0102
0.00984
0.00888
0.00822
0.00834
0.00858
0.0084
0.0084
0.00864
0.00834
0.00774
0.0078
0.00852
0.00912
0.00906
0.00876
0.00894
0.00912
0.00882
0.0087
0.00894
0.00888
0.00822
0.0078
0.0081
0.00852
0.00816
0.00762
0.00762
0.0078
0.00756
0.00756
0.00858
0.00954
0.00912
0.00888
0.0093
0.00906
0.00918
0.00996
0.01014
0.00954
0.00864
0.00786
0.00786
0.00846
0.00828
0.00786
0.00774
0.00744
0.00732
0.00714
0.0075
0.00888
0.00984
0.0096
0.00924
0.00948
0.0093
0.00894
0.00894
0.00882
0.00852
0.00798
0.00768
0.00786
0.00762
0.00756
0.00822
0.0087
0.00918
0.00966
0.01002
0.01026
0.00978
0.00912
0.00918
0.00948
0.00924
0.00894
0.00894
0.00834
0.0075
0.0072
0.00774
0.00834
0.00798
0.00744
0.00726
0.00696
0.00708
0.0078
0.00888
0.0096
0.00906
0.00864
0.00888
0.00894
0.00948
0.0105
0.01104
0.01062
0.0093
0.0084
0.00852
0.00846
0.0081
0.00804
0.00792
0.00696
0.00606
0.00612
0.00672
0.00726
0.00756
0.00804
0.009
0.00948
0.00948
0.01002
0.01038
0.00996
0.00954
0.00936
0.00954
0.00924
0.00816
0.00768
0.00786
0.0072
0.00684
0.00792
0.00906
0.00924
0.0084
0.00768
0.00804
0.0084
0.00858
0.0093
0.00984
0.00948
0.0084
0.00768
0.00822
0.00882
0.00834
0.00798
0.00822
0.00798
0.0072
0.00708
0.00822
0.00906
0.00888
0.00888
0.00972
0.01062
0.01074
0.01002
0.00972
0.00954
0.0084
0.00762
0.00846
0.00924
0.00876
0.00774
0.00696
0.00636
0.006
0.0063
0.00762
0.0093
0.00924
0.00846
0.00894
0.0096
0.00954
0.0099
0.01092
0.0111
0.0099
0.00852
0.00828
0.00816
0.0075
0.00744
0.00792
0.00774
0.00702
0.00738
0.00846
0.00882
0.009
0.0093
0.0096
0.00912
0.00798
0.00756
0.00756
0.00732
0.00738
0.00798
0.00882
0.00912
0.00906
0.00912
0.00918
0.00954
0.01026
0.01062
0.01044
0.00996
0.009
0.00792
0.0075
0.0078
0.0081
0.00786
0.00726
0.00684
0.0066
0.00648
0.00738
0.00882
0.00948
0.00954
0.00918
0.00882
0.00894
0.00924
0.00966
0.01002
0.00936
0.0084
0.0081
0.00792
0.00786
0.00822
0.00846
0.0084
0.0081
0.00798
0.0084
0.00888
0.00888
0.00906
0.00918
0.00876
0.00846
0.00846
0.0084
0.00822
0.0075
0.00684
0.00678
0.0069
0.00726
0.00798
0.00864
0.00894
0.00894
0.00936
0.01008
0.0105
0.01044
0.0102
0.00966
0.00894
0.00822
0.00804
0.00846
0.0084
0.00756
0.00702
0.00732
0.00786
0.00834
0.00882
0.00912
0.0087
0.00792
0.00792
0.00876
0.00912
0.00894
0.00906
0.00888
0.00834
0.0081
0.0084
0.00924
0.01002
0.00966
0.00882
0.00864
0.0084
0.00822
0.0087
0.00888
0.00876
0.00864
0.00822
0.00834
0.00858
0.00798
0.00792
0.00798
0.00744
0.0078
0.00882
0.00936
0.00972
0.00924
0.0087
0.00888
0.00882
0.00888
0.00906
0.00894
0.00912
0.00876
0.00798
0.00792
0.0078
0.00738
0.00768
0.00822
0.00864
0.0087
0.00882
0.00972
0.01032
0.00942
0.0084
0.00828
0.00846
0.0087
0.00912
0.0093
0.00912
0.00852
0.00822
0.00858
0.009
0.00876
0.00846
0.00822
0.00798
0.00792
0.00828
0.00894
0.00888
0.00804
0.00762
0.00786
0.0081
0.0084
0.00882
0.00906
0.00906
0.00852
0.00828
0.00888
0.00936
0.00936
0.00954
0.00966
0.00954
0.00966
0.0099
0.0102
0.01014
0.00936
0.00858
0.0084
0.00792
0.00726
0.00702
0.00672
0.00606
0.0054
0.0054
0.0063
0.00732
0.00804
0.0087
0.00918
0.00942
0.00978
0.01056
0.01146
0.0117
0.01128
0.0108
0.01026
0.00924
0.00852
0.00804
0.00732
0.00648
0.0057
0.00558
0.0063
0.00696
0.00732
0.00786
0.00822
0.00834
0.0087
0.00948
0.01044
0.01062
0.0099
0.00924
0.00906
0.00882
0.0087
0.00876
0.00858
0.00804
0.00756
0.00726
0.00756
0.00816
0.00828
0.00822
0.00858
0.00894
0.00966
0.0108
0.01146
0.01116
0.01032
0.0096
0.00894
0.0078
0.0072
0.00744
0.00738
0.00696
0.00654
0.0066
0.00774
0.00846
0.0081
0.00792
0.00858
0.00888
0.00924
0.0105
0.01164
0.0117
0.01116
0.01044
0.00954
0.00858
0.00816
0.00798
0.00762
0.00708
0.00678
0.0072
0.00792
0.00786
0.00744
0.00762
0.00804
0.00798
0.00774
0.00834
0.00954
0.00978
0.0087
0.0078
0.00798
0.00852
0.00888
0.00942
0.01002
0.01032
0.00966
0.00882
0.009
0.00948
0.00912
0.00888
0.00906
0.00888
0.00852
0.00786
0.00732
0.00726
0.00684
0.00648
0.00702
0.00774
0.0084
0.00888
0.00888
0.00894
0.00906
0.00924
0.0102
0.01128
0.01134
0.01062
0.00942
0.00822
0.00768
0.00762
0.00786
0.00804
0.0075
0.00672
0.00654
0.0066
0.0072
0.00828
0.00906
0.00948
0.00954
0.00948
0.00966
0.00924
0.00876
0.00888
0.00888
0.00858
0.00834
0.00834
0.00882
0.0087
0.0078
0.00774
0.00828
0.00846
0.00894
0.00942
0.00924
0.00906
0.00852
0.00816
0.0087
0.00882
0.00828
0.0081
0.00798
0.00768
0.00774
0.0081
0.00852
0.00882
0.0084
0.00828
0.00864
0.00864
0.0087
0.00912
0.00912
0.00882
0.00852
0.0084
0.00882
0.0093
0.00918
0.00912
0.00906
0.00882
0.00876
0.00912
0.00942
0.00924
0.00852
0.00798
0.00798
0.00792
0.0078
0.00804
0.00804
0.00762
0.00726
0.00732
0.00786
0.00822
0.00834
0.00876
0.009
0.00894
0.009
0.00954
0.01014
0.01008
0.00948
0.00924
0.00918
0.00888
0.00882
0.00882
0.00852
0.00798
0.00732
0.00708
0.00762
0.00786
0.00744
0.00756
0.00786
0.00774
0.0078
0.00828
0.00912
0.00966
0.00942
0.0096
0.0102
0.00996
0.00936
0.00888
0.00828
0.00768
0.00702
0.0069
0.0078
0.00822
0.00756
0.00732
0.00756
0.00768
0.0081
0.009
0.01044
0.01122
0.01032
0.00912
0.00888
0.00894
0.00894
0.00894
0.00882
0.00864
0.00816
0.00744
0.00738
0.0075
0.00756
0.00792
0.0081
0.00828
0.00876
0.00936
0.0096
0.00918
0.00858
0.00846
0.00858
0.00852
0.00858
0.00882
0.00888
0.0084
0.00744
0.0075
0.00846
0.00864
0.00852
0.0087
0.00864
0.00834
0.00816
0.00822
0.00858
0.00864
0.00816
0.00822
0.00864
0.00864
0.00882
0.0093
0.00912
0.00852
0.00804
0.0081
0.0087
0.00888
0.00858
0.00846
0.00798
0.00738
0.00744
0.00792
0.00852
0.0087
0.00852
0.00852
0.00876
0.00894
0.00936
0.00984
0.00978
0.00936
0.00894
0.00876
0.009
0.00888
0.00828
0.0078
0.00732
0.00702
0.00714
0.00756
0.0084
0.00888
0.00852
0.0084
0.00876
0.00876
0.00906
0.0099
0.01014
0.00936
0.00834
0.0084
0.00876
0.00858
0.00876
0.00918
0.0087
0.00828
0.0084
0.00852
0.00894
0.00936
0.00894
0.00864
0.00888
0.00864
0.00798
0.0081
0.00858
0.0084
0.00798
0.00822
0.0087
0.00846
0.00828
0.00894
0.00906
0.00876
0.00894
0.00912
0.00894
0.00882
0.00858
0.00846
0.00846
0.0084
0.00834
0.00846
0.0087
0.00864
0.00852
0.00876
0.0093
0.00942
0.009
0.00882
0.00888
0.00864
0.00834
0.00846
0.00846
0.00786
0.00732
0.00756
0.00798
0.00822
0.00864
0.00882
0.00876
0.00894
0.00894
0.00936
0.01014
0.00996
0.00906
0.00876
0.00864
0.0084
0.0084
0.00876
0.00912
0.0084
0.00738
0.00768
0.00852
0.00882
0.00912
0.00918
0.0087
0.00846
0.00834
0.00864
0.0093
0.00918
0.0084
0.0081
0.00804
0.00798
0.00816
0.00852
0.00906
0.009
0.00834
0.00852
0.00936
0.00972
0.00984
0.0099
0.00924
0.00846
0.00816
0.00846
0.00888
0.00876
0.00804
0.00762
0.00756
0.00762
0.0078
0.0084
0.00876
0.00864
0.00822
0.00828
0.009
0.0096
0.00978
0.00954
0.00918
0.00858
0.00768
0.00762
0.00834
0.00876
0.00858
0.00816
0.00774
0.00786
0.00822
0.00882
0.00948
0.00936
0.0087
0.00876
0.00876
0.00822
0.00798
0.00822
0.0084
0.0081
0.00762
0.00762
0.0081
0.00828
0.0084
0.00858
0.00828
0.0081
0.0084
0.00906
0.0099
0.01008
0.00942
0.00918
0.0093
0.00888
0.00858
0.00858
0.00828
0.0075
0.00684
0.00684
0.00738
0.00768
0.00792
0.00846
0.00876
0.00876
0.00894
0.00948
0.00978
0.00936
0.00846
0.00804
0.00816
0.00822
0.00834
0.00846
0.00846
0.00804
0.00762
0.00798
0.00864
0.00888
0.00906
0.00912
0.00894
0.00876
0.00864
0.00894
0.00948
0.00918
0.00846
0.0084
0.00852
0.00846
0.0087
0.00906
0.00906
0.00846
0.00792
0.00822
0.009
0.00888
0.00864
0.00876
0.00852
0.00822
0.00822
0.00852
0.009
0.00882
0.00816
0.00816
0.00846
0.00852
0.0087
0.009
0.00894
0.00858
0.00822
0.00834
0.0087
0.0087
0.0084
0.00822
0.00786
0.00744
0.00738
0.00798
0.0087
0.00876
0.00852
0.00858
0.00882
0.009
0.00936
0.00966
0.00948
0.00906
0.00876
0.009
0.0093
0.00906
0.00864
0.0084
0.00804
0.0078
0.00756
0.00798
0.00876
0.0087
0.0081
0.00798
0.00822
0.00858
0.00894
0.00936
0.0099
0.00972
0.00882
0.0084
0.00876
0.00882
0.00852
0.00846
0.00834
0.0084
0.00858
0.00852
0.00846
0.00816
0.00768
0.00774
0.00822
0.00876
0.00966
0.01002
0.0099
0.00972
0.009
0.0087
0.009
0.00876
0.00852
0.00864
0.00852
0.00846
0.00828
0.00834
0.00924
0.00936
0.00858
0.00828
0.00828
0.00834
0.00876
0.00906
0.00912
0.00846
0.00744
0.00786
0.00876
0.00864
0.00852
0.00852
0.00834
0.0084
0.00876
0.00948
0.01008
0.00948
0.00864
0.0087
0.00876
0.00852
0.00828
0.0081
0.00828
0.00822
0.0078
0.00834
0.00906
0.00864
0.0084
0.00876
0.00852
0.0081
0.00816
0.00876
0.00954
0.00972
0.00942
0.00954
0.00954
0.00894
0.00918
0.00966
0.00924
0.0084
0.00774
0.00792
0.00858
0.00864
0.00846
0.00816
0.0075
0.00702
0.00726
0.00762
0.00792
0.00768
0.00756
0.00828
0.00924
0.01002
0.0108
0.0111
0.0111
0.0108
0.01026
0.01008
0.0099
0.00936
0.00888
0.0084
0.0078
0.0072
0.0063
0.00618
0.00684
0.0066
0.00576
0.00582
0.00642
0.00714
0.00834
0.00966
0.01044
0.01038
0.01026
0.01092
0.01134
0.01062
0.00972
0.00918
0.00864
0.00822
0.0081
0.00822
0.0084
0.0081
0.0075
0.00714
0.00684
0.00666
0.0072
0.00798
0.00846
0.00846
0.00846
0.0093
0.01038
0.01026
0.00948
0.00906
0.00888
0.00858
0.0087
0.009
0.00924
0.0093
0.00906
0.00864
0.00822
0.00798
0.00834
0.00894
0.00894
0.00828
0.00816
0.009
0.00948
0.00876
0.0081
0.00816
0.00828
0.00828
0.00846
0.00936
0.01026
0.01014
0.00918
0.00834
0.0078
0.00774
0.0081
0.00846
0.00822
0.0078
0.00774
0.0081
0.0081
0.00762
0.00798
0.00882
0.00888
0.009
0.00978
0.0105
0.0105
0.00948
0.00852
0.00858
0.00846
0.00804
0.00846
0.00912
0.00852
0.0072
0.00672
0.00732
0.00798
0.00828
0.00894
0.0096
0.00918
0.00834
0.00858
0.00942
0.00966
0.00936
0.00912
0.00906
0.0084
0.00744
0.00732
0.0075
0.0072
0.00714
0.0078
0.00864
0.00906
0.00918
0.00954
0.00984
0.0099
0.01002
0.01056
0.01062
0.00972
0.00864
0.00768
0.00702
0.00684
0.00708
0.00756
0.00756
0.00726
0.0072
0.00726
0.00798
0.00936
0.01038
0.01104
0.01092
0.01002
0.00984
0.00996
0.00972
0.00996
0.0099
0.009
0.00792
0.00672
0.0063
0.0066
0.00642
0.00642
0.00684
0.00732
0.00804
0.00858
0.009
0.00978
0.01026
0.01014
0.01038
0.01104
0.01146
0.01086
0.00948
0.00822
0.00774
0.00708
0.00648
0.00672
0.00726
0.00702
0.00612
0.00582
0.0069
0.0084
0.00894
0.0093
0.01014
0.01056
0.01032
0.01002
0.01014
0.01038
0.00996
0.0093
0.009
0.00894
0.00906
0.00906
0.00828
0.0072
0.0066
0.00654
0.0072
0.00774
0.00774
0.0084
0.009
0.00858
0.00804
0.00822
0.009
0.00984
0.00984
0.00918
0.00906
0.00966
0.00966
0.00918
0.0084
0.00762
0.00708
0.00684
0.00744
0.00816
0.00822
0.00882
0.00948
0.00912
0.00846
0.00858
0.0093
0.00984
0.0096
0.00912
0.00912
0.00924
0.0093
0.0093
0.0087
0.00774
0.00708
0.00696
0.00762
0.00846
0.00852
0.00816
0.00822
0.00834
0.00792
0.00768
0.00792
0.0084
0.00858
0.00846
0.00888
0.00942
0.00936
0.00972
0.01038
0.0102
0.00918
0.0087
0.00906
0.00924
0.00894
0.0087
0.00822
0.00732
0.0069
0.00696
0.0072
0.00744
0.00714
0.00714
0.00804
0.00888
0.00984
0.01068
0.0108
0.01086
0.01032
0.0093
0.0087
0.00822
0.00732
0.00672
0.0066
0.00642
0.00624
0.0069
0.00828
0.00924
0.00936
0.00924
0.0099
0.0108
0.0111
0.01134
0.01134
0.0102
0.00888
0.0081
0.00762
0.0072
0.00648
0.00624
0.00648
0.00672
0.00732
0.00798
0.00894
0.00996
0.00996
0.0096
0.0093
0.00894
0.00894
0.00924
0.0093
0.00882
0.0081
0.00798
0.00858
0.00894
0.00852
0.00822
0.00852
0.0087
0.00888
0.00918
0.00972
0.01026
0.00966
0.0087
0.00816
0.00762
0.00732
0.00768
0.00786
0.00756
0.00738
0.00762
0.00834
0.00858
0.00798
0.00792
0.0081
0.0081
0.00834
0.00894
0.01002
0.01068
0.01014
0.00912
0.00876
0.00858
0.00834
0.00834
0.00822
0.00834
0.00822
0.00768
0.00768
0.00804
0.00798
0.00816
0.00846
0.00846
0.0087
0.00954
0.01014
0.00978
0.00876
0.0081
0.00792
0.00792
0.0078
0.00804
0.0084
0.00816
0.00738
0.0069
0.00708
0.00756
0.00792
0.00846
0.0087
0.0087
0.00888
0.00948
0.00996
0.00984
0.00906
0.00852
0.00858
0.00852
0.00828
0.00846
0.00846
0.00804
0.00738
0.00726
0.0081
0.00888
0.00894
0.00912
0.00924
0.00882
0.00858
0.00852
0.00864
0.0087
0.00816
0.00768
0.0078
0.00792
0.00792
0.00834
0.0087
0.00864
0.00834
0.00834
0.00906
0.0096
0.00942
0.0093
0.00912
0.00864
0.00822
0.00828
0.00876
0.00876
0.0081
0.00762
0.00774
0.00798
0.00822
0.00846
0.00852
0.00846
0.00804
0.00786
0.00828
0.00858
0.0084
0.0081
0.00792
0.00768
0.00762
0.00792
0.0087
0.0093
0.00912
0.00912
0.00954
0.00978
0.0099
0.01008
0.00996
0.00936
0.00846
0.00786
0.00798
0.00798
0.0075
0.00732
0.00732
0.00714
0.00732
0.00786
0.00852
0.00918
0.00912
0.00876
0.00888
0.009
0.00894
0.00918
0.00912
0.00852
0.00786
0.00762
0.00804
0.0084
0.00828
0.00834
0.0084
0.00822
0.0084
0.00888
0.00942
0.0096
0.0093
0.00912
0.00906
0.00882
0.0087
0.00876
0.00876
0.00828
0.00744
0.00726
0.00762
0.00786
0.00786
0.00798
0.00816
0.0081
0.00816
0.00876
0.00942
0.00948
0.00894
0.00852
0.00852
0.00852
0.0087
0.00888
0.00882
0.0084
0.00792
0.00786
0.00852
0.00882
0.00846
0.00852
0.00852
0.0081
0.0081
0.00858
0.00894
0.00906
0.0087
0.00846
0.0087
0.00888
0.009
0.0093
0.00918
0.00864
0.0081
0.00768
0.0078
0.0081
0.00798
0.0078
0.0078
0.00756
0.00762
0.00828
0.009
0.00936
0.00912
0.00882
0.00894
0.00936
0.00954
0.00972
0.00984
0.00954
0.00888
0.00858
0.009
0.00912
0.00888
0.0087
0.00834
0.0078
0.00744
0.00762
0.00822
0.00834
0.00774
0.00768
0.00804
0.00834
0.00888
0.0096
0.00978
0.00948
0.00888
0.0087
0.00906
0.009
0.00876
0.00858
0.00774
0.00714
0.00738
0.00798
0.00852
0.00834
0.00774
0.00792
0.00888
0.00984
0.01008
0.01002
0.01008
0.00978
0.0093
0.00918
0.009
0.0084
0.00774
0.00732
0.00726
0.00726
0.00666
0.00654
0.0075
0.00822
0.0084
0.00876
0.00906
0.00906
0.00942
0.01008
0.01056
0.01008
0.00882
0.00834
0.00894
0.00936
0.00948
0.00918
0.00828
0.0078
0.00792
0.00828
0.00906
0.009
0.00768
0.00696
0.00738
0.00774
0.00798
0.0078
0.00738
0.00732
0.00738
0.00816
0.00918
0.00918
0.00912
0.00984
0.01032
0.01032
0.0099
0.00948
0.01002
0.01038
0.00984
0.00912
0.00822
0.00744
0.0075
0.00804
0.0084
0.00756
0.00624
0.0063
0.0075
0.00846
0.00852
0.00798
0.00768
0.00786
0.0084
0.00924
0.00966
0.00948
0.00912
0.00924
0.0099
0.01014
0.00966
0.00942
0.00954
0.00924
0.00864
0.00786
0.00738
0.00744
0.00762
0.00792
0.00792
0.00726
0.00702
0.0081
0.00966
0.01038
0.00996
0.00942
0.00936
0.0096
0.0099
0.00996
0.00936
0.00828
0.00732
0.0072
0.00768
0.00768
0.00744
0.00732
0.00708
0.00696
0.00762
0.0084
0.00906
0.00936
0.00906
0.00912
0.0096
0.00984
0.01014
0.01032
0.01002
0.00948
0.00882
0.00852
0.00888
0.00906
0.00882
0.00876
0.00864
0.00834
0.00816
0.00834
0.00864
0.00858
0.00786
0.00738
0.00756
0.00756
0.00756
0.00786
0.00792
0.0078
0.00756
0.00774
0.00846
0.00894
0.00906
0.00942
0.00948
0.00888
0.00846
0.00894
0.00966
0.00984
0.00906
0.00816
0.0081
0.00822
0.00846
0.00876
0.00828
0.00756
0.00714
0.0072
0.00798
0.0084
0.00804
0.0081
0.00828
0.00804
0.0084
0.0087
0.0087
0.00858
0.00804
0.00792
0.00846
0.00828
0.00792
0.00822
0.00858
0.00852
0.00828
0.00828
0.0087
0.00912
0.00924
0.00936
0.00942
0.00918
0.00882
0.00882
0.00912
0.00912
0.0084
0.00792
0.00786
0.00762
0.00744
0.00792
0.00846
0.00822
0.0078
0.00804
0.00858
0.00888
0.00888
0.00924
0.00948
0.00888
0.0084
0.00858
0.00876
0.00852
0.00786
0.0078
0.00822
0.00792
0.0078
0.00828
0.00834
0.00774
0.00738
0.00798
0.00876
0.00822
0.00768
0.00816
0.00828
0.00792
0.00828
0.0093
0.0102
0.0099
0.00864
0.0084
0.00888
0.00882
0.0087
0.00918
0.00954
0.00906
0.00774
0.0069
0.00726
0.00762
0.00756
0.00762
0.00786
0.00828
0.00858
0.00846
0.00846
0.00864
0.00828
0.0081
0.00852
0.00906
0.00966
0.01008
0.00948
0.0084
0.0078
0.0081
0.00858
0.00846
0.00834
0.00864
0.00852
0.00738
0.00666
0.0072
0.00798
0.00804
0.0078
0.00822
0.0093
0.00966
0.0093
0.00918
0.00912
0.00888
0.00852
0.00882
0.0093
0.00924
0.00894
0.00834
0.00726
0.0066
0.00684
0.00762
0.00864
0.009
0.00852
0.00858
0.00894
0.00894
0.00918
0.00948
0.00942
0.00906
0.0084
0.0081
0.0084
0.00804
0.00738
0.0072
0.0069
0.00672
0.0072
0.00798
0.00882
0.00924
0.00906
0.0093
0.00996
0.0099
0.00978
0.00996
0.00978
0.009
0.00828
0.0081
0.00828
0.0084
0.00834
0.00828
0.00816
0.00804
0.0081
0.00852
0.009
0.00876
0.00822
0.0081
0.00798
0.00786
0.00798
0.00822
0.0084
0.0081
0.00762
0.00786
0.00846
0.00858
0.00852
0.00876
0.00894
0.00906
0.00918
0.0096
0.01014
0.01002
0.00924
0.00882
0.00864
0.00834
0.00816
0.0081
0.00792
0.00732
0.00648
0.00672
0.00774
0.00798
0.00804
0.00834
0.00786
0.00774
0.00858
0.0093
0.0099
0.0099
0.00894
0.0084
0.00876
0.00912
0.00942
0.0096
0.00936
0.0084
0.00738
0.00762
0.00834
0.00822
0.00792
0.00798
0.00744
0.00696
0.00756
0.00864
0.00918
0.00888
0.00858
0.00858
0.00846
0.00864
0.00942
0.0099
0.00948
0.0084
0.00756
0.00768
0.00816
0.00822
0.0084
0.00852
0.0081
0.00768
0.00768
0.00822
0.00894
0.00906
0.00864
0.00858
0.00852
0.00852
0.00888
0.00912
0.00912
0.00888
0.00852
0.0084
0.0087
0.00852
0.00822
0.00822
0.00798
0.00762
0.0078
0.00798
0.00828
0.00846
0.00822
0.00822
0.00858
0.00864
0.00888
0.00924
0.00906
0.00852
0.0081
0.00816
0.00888
0.00918
0.00876
0.00876
0.0087
0.00786
0.00762
0.00858
0.009
0.00834
0.00792
0.0078
0.00744
0.00768
0.00864
0.00924
0.00942
0.009
0.00798
0.00786
0.00876
0.00906
0.00906
0.00936
0.00876
0.0075
0.00756
0.00846
0.00864
0.00828
0.00786
0.00738
0.00756
0.00822
0.0087
0.00918
0.00966
0.00912
0.00822
0.00882
0.00954
0.00936
0.0093
0.00912
0.0081
0.00762
0.00774
0.00804
0.00876
0.00858
0.00738
0.00732
0.00798
0.00816
0.00882
0.0096
0.00942
0.00882
0.0087
0.00918
0.00984
0.00996
0.0093
0.00864
0.00828
0.0078
0.00762
0.00816
0.0084
0.00762
0.00696
0.00726
0.0078
0.0084
0.00906
0.00918
0.00912
0.00912
0.00894
0.00918
0.00972
0.00942
0.00864
0.0084
0.00816
0.00774
0.0078
0.00834
0.00834
0.0078
0.00762
0.00798
0.0084
0.00882
0.00912
0.00888
0.00876
0.00876
0.00852
0.00882
0.00954
0.00942
0.00906
0.0093
0.00918
0.00864
0.00852
0.00876
0.0087
0.00786
0.00714
0.00726
0.00762
