0.00534
0.00552
0.00558
0.00534
0.00504
0.0054
0.0057
0.00552
0.00552
0.0054
0.00504
0.00504
0.00516
0.00558
0.00594
0.00564
0.00516
0.0051
0.00516
0.00522
0.00546
0.00558
0.00558
0.00558
0.00516
0.00492
0.0051
0.00528
0.0054
0.00552
0.0054
0.00522
0.00528
0.00534
0.00552
0.0057
0.00552
0.00546
0.00552
0.00552
0.00558
0.00576
0.00576
0.00528
0.0051
0.00522
0.00534
0.0054
0.00558
0.00558
0.0054
0.00534
0.00534
0.00546
0.00564
0.00552
0.00552
0.00546
0.00534
0.00552
0.00558
0.00552
0.00558
0.00546
0.00528
0.00534
0.00546
0.00564
0.00576
0.00546
0.00528
0.00546
0.0057
0.00576
0.00576
0.00558
0.00528
0.0051
0.00516
0.00546
0.0057
0.00552
0.00534
0.00534
0.00522
0.0054
0.00552
0.00534
0.00546
0.00558
0.00522
0.00516
0.00546
0.00546
0.00564
0.00576
0.0054
0.00534
0.00546
0.00534
0.00546
0.00576
0.00558
0.00528
0.00534
0.0054
0.00552
0.00552
0.00552
0.00552
0.00546
0.00522
0.00528
0.00564
0.00576
0.00558
0.00558
0.00546
0.0054
0.00546
0.0054
0.00546
0.00564
0.00534
0.00498
0.00528
0.00558
0.00564
0.0057
0.00552
0.00522
0.00522
0.00534
0.00552
0.0057
0.00546
0.00534
0.00546
0.00534
0.0054
0.0057
0.0057
0.00552
0.0054
0.00522
0.00534
0.00564
0.00564
0.00552
0.00552
0.00546
0.00534
0.00534
0.00552
0.00552
0.0054
0.0054
0.00552
0.00564
0.00552
0.00528
0.00534
0.00552
0.0054
0.00522
0.00546
0.00546
0.00522
0.00522
0.00546
0.00546
0.00534
0.00516
0.00522
0.00546
0.00546
0.00528
0.00522
0.00534
0.00546
0.00552
0.00564
0.00558
0.00522
0.00498
0.00534
0.00564
0.00546
0.00534
0.0054
0.0054
0.0054
0.00534
0.00546
0.00576
0.00552
0.00528
0.00534
0.00552
0.0057
0.0057
0.00564
0.00576
0.00546
0.00516
0.00546
0.00558
0.00534
0.00552
0.0057
0.0054
0.00534
0.00552
0.0054
0.00546
0.00546
0.00516
0.00528
0.00546
0.0054
0.00558
0.0057
0.00546
0.00528
0.00546
0.00546
0.0054
0.00552
0.00552
0.00546
0.0054
0.00534
0.00534
0.00564
0.0057
0.00546
0.00546
0.0054
0.00528
0.00552
0.00576
0.00558
0.00552
0.00534
0.00528
0.0057
0.00558
0.00534
0.00552
0.00546
0.00522
0.0054
0.0054
0.00552
0.0057
0.0054
0.00516
0.0054
0.0054
0.00546
0.00558
0.00558
0.00564
0.00558
0.0051
0.00516
0.00558
0.00564
0.00552
0.00564
0.0054
0.0051
0.0054
0.00582
0.00582
0.00558
0.00546
0.00546
0.00546
0.0054
0.00546
0.00558
0.00546
0.00522
0.00528
0.00552
0.00558
0.0054
0.00552
0.00564
0.0054
0.00528
0.00546
0.00582
0.00582
0.00546
0.00516
0.00522
0.00546
0.00546
0.0054
0.0057
0.00564
0.00522
0.00516
0.0054
0.00558
0.0057
0.0057
0.0054
0.00528
0.0054
0.00534
0.00546
0.0057
0.00558
0.00546
0.00558
0.00552
0.00552
0.00564
0.00552
0.00534
0.00504
0.00504
0.00564
0.00588
0.00552
0.00546
0.0054
0.00492
0.0051
0.0054
0.0054
0.00552
0.00546
0.00534
0.00552
0.00564
0.00576
0.00582
0.00564
0.00534
0.00522
0.00516
0.00534
0.00558
0.00552
0.0054
0.00552
0.00546
0.00528
0.00546
0.0057
0.00564
0.00546
0.00546
0.00546
0.00552
0.00552
0.00564
0.0057
0.0054
0.00522
0.00522
0.00522
0.00546
0.00558
0.00552
0.00558
0.00558
0.00552
0.00558
0.00582
0.00576
0.00552
0.00546
0.0054
0.00534
0.00552
0.0057
0.00564
0.00546
0.00534
0.00534
0.00558
0.00576
0.0057
0.00558
0.00522
0.0051
0.00534
0.00546
0.00564
0.00576
0.00552
0.0054
0.0054
0.00534
0.00546
0.0057
0.00576
0.00558
0.00528
0.00504
0.00522
0.00552
0.00558
0.00552
0.00552
0.00534
0.0054
0.00558
0.00564
0.0057
0.00564
0.00534
0.00528
0.00546
0.00552
0.00552
0.00552
0.00558
0.0054
0.00534
0.00558
0.00558
0.00546
0.00546
0.0054
0.00516
0.0051
0.00522
0.0057
0.00582
0.00558
0.00552
0.00552
0.00516
0.00528
0.00558
0.00546
0.00546
0.00552
0.00528
0.0054
0.00564
0.00552
0.00546
0.00546
0.00522
0.00522
0.0057
0.00582
0.00558
0.00528
0.00516
0.00534
0.00552
0.00552
0.0057
0.00582
0.00552
0.00516
0.00516
0.00546
0.0057
0.0057
0.00552
0.0054
0.00534
0.00522
0.00522
0.00558
0.00558
0.0054
0.00552
0.00546
0.00528
0.00558
0.00576
0.0057
0.00558
0.0054
0.00528
0.00552
0.00552
0.0054
0.00534
0.00546
0.00552
0.00552
0.00546
0.00564
0.00576
0.0054
0.00516
0.00522
0.0054
0.00558
0.00564
0.00576
0.00576
0.00534
0.00528
0.00552
0.00546
0.00558
0.00558
0.00528
0.0051
0.00516
0.00516
0.00558
0.00582
0.00546
0.00546
0.0057
0.00534
0.00534
0.00558
0.00558
0.00558
0.00546
0.00522
0.00564
0.00576
0.00522
0.00522
0.00534
0.00516
0.00522
0.00546
0.00546
0.00552
0.0057
0.00558
0.00564
0.00576
0.00552
0.00546
0.00564
0.00528
0.00492
0.00522
0.00558
0.00558
0.00564
0.0057
0.00552
0.00528
0.00534
0.00552
0.00582
0.00564
0.0054
0.00546
0.00552
0.00552
0.00558
0.00558
0.00576
0.0057
0.00528
0.00516
0.0054
0.0054
0.00528
0.0054
0.0054
0.0054
0.00546
0.00546
0.0057
0.006
0.0057
0.00522
0.00528
0.00552
0.00564
0.0057
0.00552
0.0054
0.00534
0.0054
0.00546
0.0054
0.00558
0.0057
0.0054
0.00516
0.00534
0.00552
0.00564
0.00564
0.00546
0.00552
0.0057
0.00558
0.00546
0.00558
0.00558
0.00558
0.00516
0.00504
0.00552
0.00564
0.00546
0.00552
0.00552
0.0054
0.0054
0.00546
0.00558
0.00564
0.00552
0.0054
0.00546
0.00564
0.00564
0.00564
0.00564
0.00546
0.00528
0.00528
0.00552
0.00558
0.00558
0.00558
0.00546
0.00534
0.0054
0.00564
0.00588
0.0057
0.00534
0.0054
0.00564
0.00552
0.00558
0.00576
0.00564
0.00546
0.00534
0.00528
0.0057
0.00582
0.0054
0.0054
0.00552
0.0054
0.00546
0.00546
0.00552
0.00588
0.00588
0.00552
0.00534
0.00552
0.00564
0.0057
0.00564
0.00552
0.0054
0.00534
0.0054
0.00558
0.00588
0.00588
0.00546
0.00528
0.00528
0.00546
0.006
0.006
0.00558
0.00546
0.00528
0.00534
0.00582
0.00588
0.00576
0.00552
0.0054
0.00564
0.00588
0.0057
0.00546
0.00558
0.0057
0.00546
0.00552
0.0054
0.0054
0.00582
0.00606
0.00582
0.0054
0.0054
0.00576
0.00588
0.00576
0.00546
0.00534
0.00558
0.00552
0.00558
0.00576
0.0054
0.00522
0.00564
0.00588
0.0057
0.00582
0.006
0.0054
0.00546
0.00582
0.00564
0.0054
0.00546
0.00576
0.00558
0.00528
0.00522
0.00522
0.0057
0.00588
0.00552
0.00528
0.00498
0.00504
0.00582
0.00606
0.00564
0.00534
0.0051
0.0054
0.006
0.00582
0.00552
0.00558
0.00564
0.00576
0.00582
0.00576
0.00528
0.00504
0.00546
0.00582
0.00576
0.00558
0.00528
0.00534
0.00552
0.00576
0.00606
0.00558
0.00492
0.00534
0.00576
0.00576
0.00564
0.00486
0.00444
0.00528
0.00588
0.006
0.00594
0.00504
0.00468
0.00564
0.00618
0.00594
0.00522
0.0048
0.0054
0.00606
0.00588
0.00516
0.00492
0.00564
0.006
0.00564
0.0051
0.00474
0.00522
0.00576
0.00558
0.00546
0.00516
0.00486
0.00552
0.00606
0.00582
0.00558
0.0051
0.00498
0.00564
0.0057
0.00564
0.00576
0.00516
0.00504
0.00564
0.00558
0.00564
0.00558
0.00516
0.0054
0.00552
0.00528
0.00576
0.0057
0.00546
0.00558
0.00528
0.00534
0.0054
0.00486
0.00546
0.00582
0.00534
0.00528
0.00504
0.00534
0.006
0.00564
0.00558
0.00528
0.00468
0.00552
0.00582
0.00558
0.00552
0.00474
0.0051
0.00588
0.0054
0.00546
0.00552
0.00528
0.00564
0.00528
0.00504
0.00522
0.00492
0.00522
0.00582
0.0057
0.00546
0.00552
0.0057
0.00558
0.00546
0.00546
0.00534
0.0054
0.00552
0.00564
0.00582
0.00564
0.00492
0.00474
0.00522
0.00582
0.00606
0.00552
0.00492
0.00504
0.0051
0.0054
0.00564
0.00558
0.00576
0.00564
0.00546
0.00522
0.00486
0.00534
0.00606
0.00588
0.00522
0.00474
0.00498
0.00564
0.00606
0.00624
0.00594
0.00486
0.00456
0.00522
0.00588
0.00606
0.0057
0.00504
0.0048
0.00516
0.00552
0.00564
0.00576
0.00552
0.00528
0.00564
0.0057
0.0051
0.00504
0.0054
0.00582
0.00582
0.00504
0.00468
0.0054
0.00612
0.006
0.00552
0.00534
0.00546
0.00576
0.00588
0.00552
0.00522
0.00534
0.00558
0.00552
0.00534
0.00498
0.00504
0.00558
0.00582
0.00546
0.0051
0.00528
0.00606
0.00618
0.00546
0.00504
0.00516
0.0057
0.00606
0.00558
0.00486
0.00486
0.0054
0.00576
0.00522
0.00474
0.00534
0.00588
0.00582
0.0054
0.00492
0.00522
0.00612
0.00648
0.00606
0.00534
0.00492
0.00528
0.00576
0.00564
0.00504
0.00486
0.00534
0.00552
0.00546
0.00522
0.00528
0.00612
0.00618
0.00516
0.0051
0.00546
0.00588
0.00576
0.00486
0.00468
0.0051
0.00582
0.00612
0.00522
0.0051
0.00528
0.00534
0.00606
0.0054
0.00462
0.00558
0.00576
0.0057
0.0057
0.00462
0.00504
0.00612
0.00546
0.00534
0.00546
0.00516
0.00582
0.00576
0.00498
0.00546
0.00552
0.00492
0.00576
0.00588
0.00498
0.00534
0.00552
0.00498
0.00534
0.0057
0.00522
0.0054
0.00588
0.00522
0.00504
0.00582
0.0054
0.00498
0.00552
0.00552
0.00504
0.0051
0.00546
0.0051
0.00498
0.00546
0.0057
0.00516
0.00498
0.00558
0.00546
0.00522
0.00546
0.00552
0.0054
0.00504
0.00534
0.0057
0.00522
0.0051
0.00528
0.00552
0.00564
0.0054
0.00552
0.00576
0.00534
0.00528
0.0054
0.00528
0.00558
0.00582
0.00534
0.00516
0.00546
0.0054
0.00528
0.00552
0.00576
0.0057
0.00534
0.00504
0.00522
0.00546
0.0054
0.00564
0.00552
0.00516
0.00534
0.00546
0.00546
0.00558
0.00546
0.00534
0.0054
0.00534
0.00534
0.00558
0.00558
0.00546
0.00546
0.00534
0.00522
0.0054
0.0054
0.00528
0.00534
0.00522
0.0051
0.00534
0.00564
0.00558
0.00534
0.00516
0.00516
0.00534
0.00552
0.00558
0.00576
0.00576
0.00546
0.00528
0.0054
0.00552
0.00564
0.00546
0.0051
0.0051
0.00534
0.00534
0.00546
0.00576
0.0057
0.0054
0.00534
0.00534
0.00522
0.00546
0.00564
0.00564
0.00546
0.0051
0.00522
0.00576
0.00552
0.00516
0.0054
0.00546
0.00534
0.00546
0.0057
0.00582
0.0057
0.0054
0.00534
0.00546
0.0054
0.00546
0.00564
0.00558
0.00546
0.00534
0.00522
0.0054
0.00552
0.0054
0.00534
0.00534
0.00528
0.00534
0.00552
0.0057
0.00552
0.00522
0.00534
0.00564
0.0057
0.0057
0.00564
0.00552
0.00528
0.00534
0.00552
0.00546
0.0054
0.00546
0.00552
0.00546
0.00528
0.00522
0.00558
0.00582
0.00552
0.00534
0.00546
0.00558
0.00564
0.00558
0.00564
0.00564
0.00516
0.00498
0.0054
0.0054
0.00516
0.00552
0.0057
0.00552
0.00546
0.00552
0.00558
0.00576
0.00552
0.00504
0.00516
0.0054
0.00552
0.0057
0.00576
0.00564
0.0057
0.00546
0.00528
0.00558
0.00558
0.00522
0.00516
0.00522
0.00516
0.00546
0.00582
0.00594
0.00558
0.00534
0.00552
0.00558
0.00546
0.00546
0.00558
0.00546
0.00516
0.00522
0.00558
0.00564
0.00546
0.0054
0.0054
0.00546
0.00552
0.00546
0.00552
0.00564
0.0057
0.00576
0.00552
0.00528
0.00534
0.00546
0.00546
0.00552
0.00534
0.0051
0.0054
0.00576
0.0057
0.00552
0.00546
0.0054
0.00522
0.00528
0.00558
0.00564
0.00528
0.00522
0.0054
0.0054
0.00558
0.00564
0.00552
0.00552
0.00552
0.00546
0.00558
0.00552
0.00546
0.0057
0.00564
0.00522
0.00522
0.0054
0.0054
0.00564
0.00558
0.00528
0.0054
0.00552
0.00552
0.00576
0.00576
0.00546
0.00552
0.00546
0.0051
0.00552
0.00588
0.00564
0.0054
0.0054
0.0054
0.0054
0.00546
0.00558
0.00558
0.0054
0.00558
0.00582
0.00534
0.00546
0.00618
0.00558
0.00498
0.00582
0.00576
0.00498
0.00558
0.00582
0.0051
0.00576
0.00588
0.0048
0.0057
0.00642
0.00516
0.00552
0.00624
0.00498
0.00528
0.00642
0.0054
0.00546
0.00624
0.00498
0.00504
0.0063
0.00546
0.0051
0.00612
0.00546
0.00492
0.00588
0.00576
0.00522
0.006
0.00576
0.0051
0.0057
0.0054
0.00498
0.00624
0.00594
0.00456
0.00504
0.0054
0.00516
0.00606
0.00618
0.00504
0.00528
0.0057
0.00516
0.00588
0.0063
0.00498
0.00486
0.00558
0.00516
0.00558
0.00624
0.0051
0.00486
0.0057
0.00528
0.00552
0.0063
0.00528
0.0048
0.00594
0.00558
0.00498
0.00576
0.00564
0.00516
0.00576
0.00576
0.00522
0.00564
0.00576
0.00504
0.0054
0.00594
0.00516
0.00528
0.006
0.00516
0.00492
0.00588
0.00552
0.00498
0.00576
0.00558
0.00504
0.00594
0.00594
0.00492
0.00552
0.00576
0.00474
0.00528
0.00612
0.00552
0.00588
0.00618
0.00492
0.0048
0.00564
0.00522
0.00534
0.00594
0.00504
0.0048
0.00558
0.00534
0.00534
0.00582
0.00504
0.00444
0.00522
0.00564
0.00552
0.0057
0.00558
0.0051
0.00522
0.00552
0.00534
0.00522
0.0054
0.0051
0.00498
0.00534
0.00582
0.00588
0.00558
0.00546
0.0054
0.00504
0.00516
0.00558
0.00576
0.0057
0.00516
0.00462
0.00522
0.00564
0.00552
0.00564
0.00552
0.00486
0.00474
0.0054
0.00594
0.00582
0.00558
0.00546
0.0054
0.00534
0.00546
0.00564
0.0057
0.00552
0.00516
0.00504
0.0054
0.00552
0.00552
0.00564
0.00522
0.00474
0.00504
0.00546
0.00564
0.00594
0.00564
0.0051
0.00528
0.0054
0.0054
0.00582
0.0057
0.00498
0.00492
0.00522
0.0054
0.00606
0.00606
0.00504
0.00528
0.0057
0.00534
0.00606
0.0063
0.0051
0.0051
0.00534
0.00504
0.006
0.00624
0.00516
0.00564
0.0057
0.0051
0.00594
0.00576
0.0048
0.0057
0.00576
0.00522
0.00612
0.0057
0.00492
0.00588
0.00582
0.00516
0.00594
0.00564
0.0048
0.00552
0.00564
0.00534
0.00606
0.00558
0.00474
0.0054
0.00558
0.00516
0.00588
0.00582
0.00474
0.00504
0.00564
0.0054
0.00582
0.00588
0.00474
0.00468
0.00576
0.0057
0.0054
0.00594
0.0054
0.00426
0.00486
0.00588
0.00576
0.0054
0.00582
0.00546
0.00456
0.00498
0.00558
0.00582
0.00558
0.00534
0.00534
0.00522
0.00522
0.00552
0.00582
0.0057
0.00522
0.0051
0.00516
0.00504
0.00534
0.00564
0.00558
0.0054
0.00504
0.00498
0.00534
0.00564
0.00552
0.00534
0.0054
0.00552
0.00546
0.00534
0.00546
0.00558
0.00546
0.00522
0.00522
0.0054
0.00546
0.00534
0.00522
0.00522
0.00528
0.00534
0.0054
0.00564
0.0057
0.00534
0.00516
0.00528
0.00528
0.0054
0.00546
0.00546
0.00534
0.00516
0.00516
0.00534
0.00546
0.00546
0.00546
0.00534
0.00528
0.00528
0.00552
0.00552
0.00534
0.0054
0.00558
0.00546
0.00546
0.00582
0.00576
0.00534
0.00522
0.00534
0.00528
0.00534
0.00546
0.00552
0.00558
0.00558
0.00516
0.00522
0.00558
0.00552
0.00552
0.0054
0.00528
0.00582
0.00558
0.0051
0.00576
0.00558
0.00492
0.0051
0.0054
0.0057
0.0057
0.00516
0.00558
0.00558
0.00486
0.0051
0.00576
0.00606
0.00576
0.00504
0.00534
0.00564
0.00516
0.00534
0.00588
0.00618
0.00582
0.0048
0.00504
0.00576
0.00534
0.00522
0.00576
0.00612
0.00594
0.00504
0.00504
0.00576
0.00564
0.00516
0.00522
0.00588
0.00588
0.00516
0.00558
0.00612
0.00528
0.00468
0.00522
0.00606
0.00582
0.0051
0.00546
0.0057
0.0051
0.00492
0.00552
0.00636
0.00588
0.00534
0.0057
0.0054
0.00492
0.00522
0.00594
0.00612
0.00558
0.00522
0.00528
0.00546
0.0051
0.0051
0.00594
0.0057
0.0051
0.00552
0.00552
0.00528
0.00558
0.00576
0.00528
0.0054
0.00588
0.0057
0.0054
0.0054
0.00546
0.00558
0.00546
0.00564
0.00564
0.0051
0.00504
0.00564
0.00558
0.00516
0.00558
0.006
0.00552
0.00516
0.00546
0.0054
0.00516
0.00558
0.0057
0.0054
0.0054
0.00552
0.00552
0.00552
0.00558
0.0054
0.00516
0.0051
0.0054
0.00558
0.00546
0.00582
0.00588
0.00516
0.00498
0.00546
0.00534
0.00504
0.00546
0.00558
0.00516
0.00522
0.00546
0.00534
0.0054
0.00564
0.00552
0.00528
0.00516
0.0054
0.00552
0.00546
0.00564
0.00552
0.00522
0.00522
0.00558
0.00564
0.00534
0.00558
0.00564
0.00516
0.00498
0.00552
0.00564
0.00534
0.00552
0.0054
0.00492
0.00492
0.00552
0.00558
0.0054
0.00576
0.0057
0.0051
0.00504
0.00558
0.00564
0.00558
0.00576
0.00546
0.00504
0.0051
0.0054
0.00534
0.00516
0.00522
0.00516
0.0051
0.00534
0.00582
0.00582
0.00534
0.0051
0.00522
0.00534
0.00546
0.00564
0.0054
0.0051
0.00504
0.00516
0.00558
0.00558
0.00534
0.00546
0.00546
0.00516
0.00522
0.0054
0.00552
0.00558
0.00546
0.0054
0.00546
0.0054
0.0054
0.00576
0.00576
0.00546
0.00522
0.00516
0.00528
0.00546
0.0054
0.00516
0.0051
0.0051
0.00498
0.00522
0.00558
0.00552
0.00528
0.00528
0.00528
0.00546
0.00582
0.00564
0.00546
0.0054
0.00504
0.00504
0.00552
0.00546
0.0054
0.00552
0.00522
0.0051
0.0054
0.00552
0.00552
0.0054
0.00528
0.00534
0.0054
0.00534
0.00546
0.00564
0.00546
0.0054
0.00534
0.00528
0.0054
0.0054
0.00528
0.0054
0.00534
0.00522
0.00552
0.00582
0.00582
0.00552
0.00528
0.00528
0.00534
0.00522
0.00534
0.0057
0.00576
0.00552
0.00528
0.00522
0.00552
0.00552
0.00534
0.00552
0.00552
0.00516
0.00516
0.00552
0.00564
0.00552
0.00546
0.00546
0.00546
0.00552
0.00564
0.0057
0.00576
0.00552
0.0051
0.00516
0.00546
0.0054
0.00528
0.00528
0.00534
0.0054
0.0054
0.0054
0.00558
0.0057
0.00534
0.00516
0.00522
0.00546
0.00582
0.00588
0.00558
0.00534
0.00516
0.00516
0.00546
0.0057
0.0057
0.0057
0.00552
0.00534
0.00522
0.00528
0.00552
0.00564
0.00534
0.00522
0.0054
0.00552
0.00558
0.00558
0.00534
0.00516
0.00534
0.00546
0.00546
0.00534
0.00516
0.00522
0.00522
0.00516
0.00522
0.00546
0.00576
0.00564
0.00528
0.00516
0.00528
0.00552
0.0057
0.00546
0.00522
0.00522
0.0051
0.0051
0.00552
0.00564
0.00552
0.00552
0.00534
0.0051
0.00522
0.0054
0.00546
0.0054
0.00534
0.00528
0.00534
0.0054
0.0054
0.0054
0.00546
0.00528
0.0051
0.00516
0.00546
0.00558
0.00576
0.00582
0.00522
0.0048
0.00522
0.00552
0.00546
0.00564
0.00594
0.0054
0.00486
0.0054
0.00606
0.00564
0.00522
0.00576
0.0051
0.0042
0.00534
0.00636
0.00552
0.00522
0.006
0.00522
0.0045
0.00558
0.00606
0.0054
0.00558
0.00606
0.00504
0.00462
0.0057
0.00606
0.0054
0.00564
0.00582
0.00474
0.00474
0.00594
0.00606
0.00534
0.00576
0.00564
0.0045
0.00522
0.00654
0.00582
0.0051
0.00582
0.0054
0.00462
0.00552
0.00588
0.0051
0.00558
0.00588
0.0048
0.00498
0.00594
0.00564
0.00528
0.00588
0.00534
0.0045
0.00552
0.0063
0.00558
0.00546
0.00588
0.00498
0.00486
0.00588
0.0057
0.00552
0.00606
0.00522
0.00462
0.00582
0.00612
0.0054
0.00582
0.00552
0.00432
0.00504
0.006
0.00558
0.00576
0.00606
0.00498
0.00492
0.00582
0.00528
0.0054
0.00618
0.00504
0.0045
0.00576
0.00558
0.00516
0.00618
0.00576
0.0045
0.00504
0.0054
0.0051
0.00612
0.00612
0.0048
0.00504
0.00564
0.0051
0.00564
0.00648
0.00534
0.00462
0.0054
0.0054
0.00528
0.00606
0.00558
0.00468
0.00516
0.00552
0.00528
0.00594
0.006
0.00468
0.00462
0.00546
0.00504
0.00528
0.0063
0.00552
0.00468
0.0054
0.00546
0.0051
0.00582
0.00564
0.00456
0.00504
0.00564
0.00504
0.00558
0.00636
0.00522
0.00486
0.00564
0.00522
0.00504
0.00594
0.00558
0.0048
0.0054
0.00552
0.00492
0.0054
0.00588
0.00528
0.00486
0.00516
0.0054
0.00534
0.00516
0.00546
0.0057
0.00516
0.0051
0.00564
0.00546
0.00522
0.0054
0.00534
0.00498
0.00492
0.0051
0.0054
0.00564
0.00558
0.00546
0.00534
0.0051
0.00504
0.00516
0.00558
0.00588
0.00558
0.0054
0.00564
0.00552
0.00534
0.00552
0.00558
0.0054
0.0051
0.00498
0.00516
0.00522
0.00534
0.00582
0.00594
0.00522
0.00504
0.0054
0.00522
0.00558
0.006
0.00534
0.00522
0.00582
0.0054
0.0054
0.00588
0.00528
0.0051
0.0057
0.00552
0.00534
0.00564
0.0054
0.00516
0.00546
0.00522
0.00504
0.00552
0.00558
0.00534
0.00558
0.00546
0.00534
0.00546
0.00522
0.0054
0.006
0.0057
0.00504
0.00522
0.00534
0.00504
0.00522
0.00534
0.00504
0.0051
0.0054
0.00546
0.00576
0.00588
0.00558
0.00546
0.0054
0.00528
0.00564
0.00582
0.00534
0.00492
0.00498
0.00534
0.0057
0.00558
0.00528
0.00516
0.00516
0.00504
0.0054
0.00588
0.00576
0.00534
0.00516
0.00522
0.00534
0.00564
0.00564
0.00558
0.00564
0.00504
0.00456
0.00522
0.00558
0.00522
0.00552
0.00546
0.00498
0.00534
0.00552
0.00516
0.0054
0.0057
0.00534
0.00546
0.0057
0.00528
0.00516
0.00558
0.0054
0.00504
0.00534
0.00552
0.00534
0.00546
0.00516
0.00492
0.00546
0.0057
0.00546
0.00588
0.00594
0.00522
0.00534
0.00558
0.00504
0.00516
0.00558
0.00528
0.00528
0.00558
0.00498
0.00498
0.00558
0.00504
0.00504
0.00594
0.00546
0.00486
0.00528
0.00534
0.0054
0.00582
0.00522
0.00486
0.00546
0.00528
0.00504
0.0054
0.0054
0.00498
0.00474
0.00498
0.0054
0.0054
0.00516
0.0051
0.00516
0.00498
0.00498
0.00546
0.0057
0.0054
0.00522
0.00522
0.00498
0.00516
0.00564
0.00558
0.0054
0.00516
0.00504
0.00516
0.0051
0.00504
0.0054
0.0054
0.00516
0.00522
0.00528
0.0054
0.0057
0.00546
0.00528
0.00546
0.0054
0.00534
0.0057
0.00564
0.00528
0.0054
0.0054
0.00534
0.00576
0.0057
0.0051
0.00534
0.0057
0.0054
0.00522
0.00558
0.00558
0.00534
0.00534
0.00552
0.00546
0.00552
0.00576
0.00564
0.00534
0.00516
0.00528
0.00552
0.00576
0.00564
0.0054
0.00534
0.00516
0.00522
0.00552
0.00564
0.00564
0.0054
0.0051
0.00498
0.00534
0.00558
0.00552
0.00576
0.00576
0.00528
0.00498
0.0051
0.00534
0.00528
0.0054
0.00552
0.0054
0.00516
0.0051
0.00558
0.0057
0.00528
0.00528
0.0054
0.00516
0.00534
0.00558
0.00552
0.00546
0.00516
0.0051
0.00546
0.00546
0.00522
0.00534
0.00546
0.00516
0.0051
0.00534
0.0054
0.0054
0.0054
0.0054
0.00546
0.0054
0.00534
0.00564
0.0057
0.0054
0.00516
0.0051
0.00528
0.00558
0.00552
0.00516
0.00504
0.00504
0.00498
0.00522
0.00546
0.00552
0.00534
0.00516
0.00522
0.00534
0.00546
0.0054
0.00528
0.00534
0.00516
0.00498
0.00528
0.00546
0.0054
0.00546
0.0054
0.00504
0.00504
0.00522
0.0054
0.00546
0.00546
0.00522
0.00534
0.0054
0.00516
0.00528
0.0054
0.00516
0.00492
0.0051
0.00534
0.00534
0.00534
0.0054
0.00528
0.00516
0.00516
0.00534
0.00552
0.0054
0.00522
0.00522
0.00516
0.00516
0.0054
0.00546
0.00534
0.0054
0.00522
0.00498
0.0051
0.00534
0.00528
0.0054
0.00546
0.00522
0.00516
0.00534
0.00552
0.00558
0.00546
0.00528
0.00534
0.00528
0.00522
0.00552
0.00564
0.00522
0.0048
0.00498
0.00546
0.00546
0.00528
0.00528
0.00522
0.00522
0.00534
0.0054
0.0057
0.00576
0.00528
0.00516
0.00534
0.0051
0.00522
0.00558
0.00564
0.00546
0.00516
0.0051
0.0054
0.00546
0.0051
0.00522
0.00534
0.0051
0.0051
0.00534
0.00552
0.0057
0.0057
0.0054
0.00534
0.0054
0.00534
0.00546
0.00552
0.00516
0.0051
0.00534
0.00546
0.00552
0.00552
0.0054
0.00516
0.0051
0.00522
0.00552
0.00558
0.00552
0.00546
0.0054
0.00528
0.00528
0.00546
0.0054
0.00552
0.00558
0.00522
0.00492
0.00504
0.00534
0.00558
0.0057
0.00546
0.00528
0.00534
0.00528
0.0054
0.0054
0.00528
0.00546
0.00558
0.00528
0.00528
0.00546
0.0054
0.00546
0.00534
0.00522
0.0054
0.00552
0.0054
0.00552
0.00528
0.00492
0.0051
0.00534
0.00558
0.0057
0.0054
0.00528
0.00546
0.00534
0.00522
0.00546
0.00564
0.00558
0.00528
0.00498
0.00516
0.00552
0.00534
0.00522
0.00552
0.0054
0.0051
0.00534
0.00564
0.00564
0.00546
0.00516
0.00522
0.0054
0.00528
0.00534
0.00558
0.0054
0.0051
0.00516
0.00546
0.00564
0.00552
0.00522
0.00504
0.0051
0.00516
0.00534
0.00576
0.00564
0.00534
0.00546
0.00552
0.00534
0.00546
0.00558
0.00528
0.00516
0.00516
0.0051
0.00534
0.00546
0.0054
0.00588
0.00576
0.00498
0.00504
0.0054
0.00552
0.00564
0.00546
0.00516
0.00528
0.00552
0.00558
0.00546
0.0054
0.00552
0.0054
0.00528
0.00546
0.00564
0.00546
0.00534
0.0054
0.0054
0.00516
0.00528
0.0057
0.0057
0.00534
0.00522
0.0054
0.0054
0.00546
0.0057
0.00564
0.00522
0.0051
0.00516
0.0054
0.00552
0.0054
0.0054
0.00546
0.00564
0.00552
0.00522
0.00534
0.00558
0.00546
0.00552
0.00546
0.00522
0.00534
0.00558
0.00558
0.0054
0.00522
0.00522
0.00546
0.00564
0.00564
0.00552
0.00534
0.00534
0.0054
0.00546
0.00552
0.00546
0.0054
0.00552
0.00558
0.00546
0.00546
0.00552
0.00552
0.00528
0.00498
0.00498
0.00528
0.00552
0.0054
0.00546
0.00546
0.0051
0.0051
0.00558
0.00588
0.0057
0.00522
0.00516
0.00534
0.00534
0.00546
0.00558
0.00564
0.00552
0.00516
0.00516
0.00534
0.00534
0.0054
0.00534
0.00528
0.00528
0.00516
0.00522
0.00552
0.00576
0.00546
0.00528
0.0054
0.00522
0.00528
0.00552
0.00546
0.0054
0.00522
0.0051
0.00534
0.00558
0.00552
0.00546
0.00528
0.00516
0.00522
0.00546
0.00582
0.00582
0.00534
0.0051
0.0054
0.00552
0.00546
0.00558
0.00552
0.00522
0.0051
0.00522
0.00552
0.00558
0.00546
0.0054
0.00522
0.0051
0.00534
0.00546
0.00546
0.00546
0.0054
0.00534
0.0054
0.0054
0.0054
0.0054
0.00534
0.00522
0.00522
0.0054
0.00546
0.00534
0.00528
0.0054
0.00546
0.00528
0.00516
0.00546
0.0057
0.00558
0.00552
0.00558
0.00558
0.00546
0.00552
0.00564
0.00558
0.00516
0.00492
0.00528
0.00558
0.00558
0.00558
0.00552
0.00522
0.00522
0.00528
0.00534
0.0057
0.00588
0.0054
0.00522
0.00546
0.00534
0.00528
0.00558
0.00552
0.00528
0.00504
0.0048
0.00516
0.00552
0.00534
0.0054
0.00558
0.0051
0.00498
0.00552
0.00582
0.00576
0.00552
0.00534
0.00546
0.00546
0.0054
0.00564
0.00576
0.0054
0.00516
0.00534
0.0054
0.00534
0.0054
0.00516
0.00444
0.00288
-3.6E-4
-0.00516
-0.01074
-0.0165
-0.02022
-0.0192
-0.01236
9E-4
0.02016
0.04218
0.06246
0.0774
0.08706
0.09336
0.0951
0.09096
0.08718
0.093
0.11022
0.13536
0.16458
0.1929
0.21672
0.22926
0.21954
0.18804
0.14958
0.1161
0.08466
0.04782
0.0063
-0.03576
-0.07374
-0.10326
-0.12066
-0.1227
-0.11544
-0.10908
-0.10842
-0.11916
-0.14562
-0.18246
-0.21912
-0.2523
-0.28716
-0.32334
-0.35448
-0.381
-0.40818
-0.43302
-0.4455
-0.44112
-0.42276
-0.39894
-0.3729
-0.33786
-0.29376
-0.24858
-0.2031
-0.14898
-0.08676
-0.03222
0.00762
0.04668
0.09978
0.1632
0.22458
0.27966
0.32982
0.37578
0.41334
0.43674
0.4476
0.45348
0.45516
0.4461
0.4242
0.39192
0.3543
0.3147
0.27072
0.22614
0.19296
0.17466
0.16272
0.15024
0.13902
0.13044
0.12084
0.10716
0.09264
0.07884
0.05964
0.03504
0.01692
0.01014
8.4E-4
-0.02466
-0.05544
-0.07044
-0.06132
-0.03306
0.00294
0.03708
0.06366
0.08112
0.0918
0.0963
0.0942
0.08484
0.06762
0.05064
0.04698
0.05178
0.04074
0.00522
-0.04584
-0.1068
-0.16482
-0.20208
-0.21378
-0.21366
-0.2169
-0.2166
-0.19896
-0.16638
-0.1356
-0.11424
-0.0987
-0.09858
-0.11736
-0.1413
-0.16062
-0.16518
-0.1479
-0.11034
-0.0666
-0.03756
-0.01704
0.00948
0.0393
0.05988
0.05178
0.0189
-0.02652
-0.08766
-0.14076
-0.17352
-0.20928
-0.24954
-0.27558
-0.27132
-0.23904
-0.18906
-0.12498
-0.0624
-0.01518
0.0279
0.08934
0.1692
0.23706
0.26832
0.26568
0.2424
0.20814
0.17136
0.13986
0.1143
0.096
0.08958
0.0882
0.08358
0.07968
0.07998
0.0819
0.08058
0.07362
0.06186
0.04512
0.02148
-0.00462
-0.02106
-0.02268
-0.0174
-0.01374
-0.0174
-0.03258
-0.05676
-0.0816
-0.10068
-0.11292
-0.11808
-0.11364
-0.10002
-0.08214
-0.06432
-0.04686
-0.02652
-0.0024
0.02274
0.04902
0.0792
0.11214
0.14274
0.16716
0.1803
0.17952
0.17046
0.15798
0.14232
0.12534
0.11154
0.10416
0.10554
0.11328
0.12168
0.12786
0.12792
0.11658
0.0996
0.09522
0.10944
0.12516
0.1266
0.11898
0.11262
0.10338
0.08412
0.0681
0.07944
0.1119
0.12978
0.1167
0.08418
0.04776
0.01404
-0.01872
-0.0489
-0.06618
-0.06582
-0.07404
-0.11766
-0.18066
-0.25038
-0.33798
-0.43752
-0.51594
-0.54666
-0.54414
-0.52404
-0.48474
-0.44106
-0.40584
-0.38268
-0.36246
-0.32118
-0.26226
-0.20304
-0.14808
-0.11052
-0.09858
-0.0969
-0.08058
-0.0381
0.0129
0.06108
0.11388
0.16488
0.20154
0.2229
0.2412
0.26616
0.29208
0.30888
0.31026
0.29892
0.2847
0.28008
0.29142
0.30852
0.31692
0.31212
0.29628
0.26784
0.22602
0.17682
0.12612
0.07872
0.03942
0.01242
-6E-4
-0.00318
0.00168
0.01392
0.02784
0.03678
0.04446
0.05886
0.07812
0.09198
0.09444
0.08874
0.08076
0.07152
0.05838
0.04182
0.02622
0.0159
0.01032
0.00468
-0.00288
-0.00876
-0.01152
-0.01368
-0.01638
-0.0195
-0.02412
-0.03354
-0.05052
-0.0732
-0.09708
-0.11946
-0.13914
-0.15456
-0.16176
-0.1569
-0.14208
-0.12252
-0.10098
-0.07806
-0.05376
-0.03078
-0.01326
-0.00312
-0.00168
-0.00588
-0.00912
-0.00762
-0.00162
0.00588
0.01242
0.01878
0.02334
0.02412
0.0249
0.02874
0.03384
0.0369
0.03684
0.03576
0.03546
0.03504
0.03372
0.03264
0.03198
0.03072
0.02766
0.02334
0.01944
0.0165
0.0138
0.00888
8.4E-4
-0.00942
-0.02154
-0.03402
-0.04512
-0.05472
-0.06216
-0.06516
-0.06342
-0.05892
-0.05184
-0.04188
-0.03102
-0.02046
-0.01074
-0.00192
0.00666
0.01404
0.01956
0.0234
0.02598
0.02766
0.02886
0.0291
0.0279
0.02496
0.01974
0.01284
0.00564
-0.0024
-0.0114
-0.01788
-0.02046
-0.02118
-0.01818
-0.00708
0.01356
0.03996
0.06708
0.09042
0.10434
0.10494
0.09348
0.07746
0.06666
0.06462
0.0687
0.07512
0.0816
0.08508
0.08208
0.0726
0.06204
0.05766
0.05742
0.05118
0.03738
0.02346
0.01488
0.01152
0.00912
9.6E-4
-0.0162
-0.03864
-0.06468
-0.09834
-0.14262
-0.19896
-0.26322
-0.32226
-0.366
-0.39108
-0.39444
-0.37644
-0.34596
-0.31272
-0.27882
-0.24132
-0.1986
-0.15012
-0.09618
-0.04044
0.00966
0.04662
0.0714
0.09426
0.12078
0.14604
0.1665
0.18288
0.1992
0.22098
0.24564
0.26628
0.27996
0.2841
0.279
0.2685
0.25308
0.23412
0.21588
0.20178
0.1929
0.18474
0.17022
0.15
0.12678
0.0981
0.06588
0.03666
0.01158
-0.00954
-0.02442
-0.03096
-0.02838
-0.0204
-0.0123
-0.00672
-0.00516
-0.00654
-0.00414
0.00516
0.01632
0.02382
0.02436
0.0198
0.01716
0.01902
0.02082
0.01824
0.00924
-0.00684
-0.02628
-0.04326
-0.05556
-0.06216
-0.06132
-0.05694
-0.0543
-0.05256
-0.0522
-0.05802
-0.07044
-0.08592
-0.10218
-0.11622
-0.12696
-0.13512
-0.14058
-0.14148
-0.13386
-0.11526
-0.0876
-0.05562
-0.02322
0.00534
0.02682
0.04068
0.04854
0.0534
0.057
0.06078
0.06438
0.06582
0.06624
0.06606
0.06444
0.06312
0.0627
0.06192
0.0591
0.05304
0.04464
0.03594
0.0288
0.02406
0.02052
0.01638
0.00996
9.6E-4
-0.00834
-0.01584
-0.0201
-0.0213
-0.02208
-0.02388
-0.02634
-0.02898
-0.03126
-0.03252
-0.03204
-0.02988
-0.0267
-0.0222
-0.01626
-0.0093
-0.00252
0.00378
0.00948
0.01356
0.01542
0.01548
0.01398
0.0114
0.0084
0.0054
0.00288
0.00162
0.00114
0.0012
0.00258
0.00462
0.00612
0.00744
0.00918
0.01062
0.01128
0.01116
0.01014
0.00804
0.00522
0.0027
0.00144
0.0012
0.00156
0.00318
0.00612
0.00936
0.01242
0.0156
0.0198
0.02454
0.02862
0.03168
0.03312
0.03252
0.03072
0.02856
0.0258
0.02304
0.02088
0.01872
0.01668
0.01464
0.01236
0.01032
0.00864
0.0066
0.00402
7.8E-4
-0.003
-0.00702
-0.0117
-0.0168
-0.02142
-0.02508
-0.0273
-0.02796
-0.02736
-0.02574
-0.02322
-0.01998
-0.01536
-0.00906
-0.00228
0.00396
0.00996
0.01506
0.01842
0.02076
0.02292
0.02406
0.02382
0.02316
0.02208
0.0207
0.01968
0.0195
0.02046
0.0219
0.02262
0.02286
0.02238
0.02058
0.01776
0.0141
0.00972
0.00534
0.00102
-0.00378
-0.00822
-0.01134
-0.01338
-0.01482
-0.01524
-0.01434
-0.0123
-0.00978
-0.00696
-0.00384
-9.6E-4
0.0012
0.00306
0.00486
0.00618
0.00708
0.00786
0.0084
0.00882
0.00978
0.01134
0.01314
0.01494
0.01692
0.0186
0.01968
0.0201
0.0198
0.01896
0.0177
0.0156
0.01266
0.00966
0.00684
0.00408
0.00168
-5.4E-4
-0.00204
-0.00252
-0.00246
-0.00144
6E-4
0.0027
0.00486
0.00726
0.0093
0.01098
0.0123
0.01308
0.01344
0.01332
0.0123
0.01122
0.0105
0.01008
0.01002
0.01038
0.01038
0.01008
0.00966
0.0093
0.00894
0.00822
0.00732
0.00624
0.0045
0.00222
1.2E-4
-0.00174
-0.00384
-0.00588
-0.0075
-0.00852
-0.00918
-0.00936
-0.00882
-0.0078
-0.00654
-0.0051
-0.00372
-0.00252
-0.00132
-6.6E-4
-7.2E-4
-6.6E-4
-7.2E-4
-0.0012
-0.00126
-0.00108
-9.6E-4
-7.2E-4
-1.2E-4
6E-4
0.0018
0.00324
0.00462
0.00594
0.00702
0.00762
0.00798
0.00858
0.00906
0.00924
0.00948
0.00978
0.01008
0.01074
0.01158
0.01272
0.01404
0.01488
0.01566
0.0168
0.0177
0.01818
0.0186
0.01848
0.01812
0.01722
0.01548
0.01398
0.01308
0.01164
0.01002
0.00912
0.00822
0.00726
0.00672
0.00654
0.00642
0.00618
0.00534
0.00438
0.0036
0.00246
0.0012
6E-5
-0.00162
-0.00318
-0.00396
-0.0042
-0.00396
-0.00342
-0.00258
-0.00144
-1.8E-4
0.00126
0.00288
0.00432
0.0054
0.00612
0.00672
0.00708
0.00702
0.00684
0.00672
0.00678
0.00678
0.0066
0.00654
0.00726
0.00846
0.00948
0.01038
0.0114
0.01194
0.01218
0.01218
0.01176
0.01122
0.00996
0.00798
0.0063
0.00504
0.00372
0.00252
0.0018
0.00126
7.2E-4
7.2E-4
0.00162
0.00246
0.003
0.00354
0.00366
0.00366
0.00378
0.00324
0.0024
0.00204
0.00144
7.2E-4
3.6E-4
1.2E-4
4.8E-4
0.00168
0.00258
0.00348
0.00498
0.00648
0.00774
0.009
0.00948
0.00948
0.0096
0.00918
0.00828
0.00762
0.00708
0.00624
0.0054
0.00474
0.00438
0.00444
0.00468
0.00504
0.00552
0.00594
0.00582
0.00516
0.00456
0.00426
0.0036
0.00228
9E-4
-3.6E-4
-0.00132
-0.00174
-0.00198
-0.00186
-0.00144
-0.00108
-4.8E-4
6E-4
0.00192
0.00318
0.00384
0.0042
0.00438
0.00426
0.00438
0.00468
0.00444
0.00456
0.00492
0.00474
0.00552
0.00732
0.0084
0.01002
0.01206
0.01296
0.01434
0.01584
0.0156
0.01554
0.01626
0.01584
0.0144
0.01392
0.0138
0.01266
0.01218
0.01266
0.01266
0.01248
0.01326
0.0138
0.01362
0.01368
0.01374
0.0132
0.0117
0.0105
0.00912
0.0069
0.0051
0.00384
0.00234
4.8E-4
-2.4E-4
0
-3.6E-4
-6.6E-4
6E-5
0.0012
0.00174
0.0018
0.00234
0.0027
0.0024
0.00198
0.00156
9.6E-4
2.4E-4
-3E-4
-3.6E-4
-1.8E-4
-1.8E-4
-6E-5
9E-4
0.00222
0.003
0.0039
0.00474
0.00498
0.00522
0.0054
0.00498
0.00408
0.00318
0.00198
0.00102
4.8E-4
1.8E-4
6E-5
-1.2E-4
1.8E-4
9.6E-4
0.00168
0.00276
0.00432
0.0051
0.00504
0.00522
0.0051
0.00438
0.00414
0.0042
0.00378
0.00318
0.00294
0.00324
0.0039
0.0048
0.00606
0.0078
0.00918
0.01002
0.0111
0.01212
0.01266
0.01278
0.01254
0.01206
0.01128
0.01014
0.00912
0.00858
0.00804
0.00744
0.00744
0.00744
0.0075
0.00798
0.00828
0.00792
0.00756
0.00708
0.00624
0.00552
0.00444
0.00282
0.0015
6E-4
-1.2E-4
-6.6E-4
-7.2E-4
-3E-4
1.8E-4
4.2E-4
0.0012
0.00306
0.0045
0.00492
0.00564
0.00618
0.00582
0.00558
0.00582
0.00588
0.00546
0.0054
0.00594
0.0057
0.00594
0.00762
0.00924
0.01026
0.01146
0.01266
0.01284
0.01278
0.0132
0.01326
0.0126
0.0114
0.01032
0.00882
0.00678
0.00594
0.006
0.00558
0.00498
0.00534
0.00564
0.00516
0.00552
0.00678
0.00714
0.00654
0.0063
0.00606
0.0051
0.00408
0.00354
0.00306
0.00216
0.00156
0.00168
0.00186
0.00198
0.00306
0.00438
0.00468
0.00528
0.00612
0.00588
0.00552
0.00576
0.00504
0.0039
0.00342
0.00258
0.00138
6.6E-4
4.2E-4
8.4E-4
0.00138
0.00174
0.00252
0.00324
0.00366
0.0045
0.00528
0.0054
0.0054
0.00528
0.00456
0.00396
0.00342
0.00282
0.00264
0.00282
0.00264
0.0027
0.0036
0.00468
0.00516
0.00576
0.00678
0.0072
0.00678
0.00654
0.00666
0.00642
0.00558
0.00474
0.00426
0.00378
0.0033
0.0036
0.0042
0.00444
0.00516
0.00624
0.00684
0.00714
0.0078
0.00804
0.00798
0.00816
0.00774
0.00648
0.00546
0.00522
0.0051
0.0045
0.00462
0.0054
0.00522
0.00534
0.00654
0.00768
0.00822
0.0087
0.00918
0.00906
0.00822
0.00762
0.00738
0.00684
0.00576
0.00492
0.00474
0.00432
0.0039
0.00438
0.00534
0.00594
0.00624
0.00654
0.00732
0.0078
0.00762
0.00738
0.00732
0.00678
0.0057
0.00462
0.00414
0.00396
0.0036
0.00342
0.00396
0.00462
0.0051
0.00582
0.0069
0.00774
0.00762
0.0075
0.00768
0.00762
0.00714
0.0063
0.00588
0.00534
0.00408
0.00354
0.00438
0.00468
0.0045
0.00534
0.00606
0.0063
0.00714
0.0081
0.00852
0.0087
0.00846
0.00768
0.00684
0.00594
0.00558
0.0051
0.00432
0.0042
0.00414
0.00366
0.00432
0.00588
0.0063
0.00654
0.00738
0.00756
0.0072
0.00726
0.00708
0.00666
0.00606
0.00522
0.00438
0.00372
0.0033
0.00336
0.0036
0.00402
0.00456
0.00474
0.00498
0.00582
0.00624
0.00606
0.006
0.0057
0.00468
0.0036
0.00306
0.00276
0.00198
0.00144
0.00162
0.00186
0.00174
0.00216
0.00354
0.00486
0.0054
0.00558
0.00612
0.00594
0.00528
0.00516
0.0051
0.00468
0.00426
0.00366
0.00294
0.00216
0.00186
0.00246
0.00324
0.0039
0.00492
0.00594
0.0063
0.00624
0.00606
0.0057
0.00546
0.00522
0.0048
0.00438
0.0036
0.00294
0.00282
0.003
0.0036
0.00444
0.00504
0.00564
0.0066
0.00732
0.00768
0.0081
0.0084
0.00834
0.00768
0.00666
0.00606
0.00552
0.00492
0.00486
0.00504
0.00492
0.00522
0.006
0.00654
0.0072
0.00786
0.00798
0.00816
0.00834
0.0081
0.00762
0.00696
0.00606
0.00504
0.00426
0.00408
0.0042
0.00432
0.00438
0.00492
0.00564
0.00612
0.00678
0.00798
0.0087
0.00864
0.00834
0.00804
0.00738
0.00672
0.00642
0.00606
0.00552
0.0051
0.00492
0.00516
0.00576
0.0063
0.00708
0.00792
0.00846
0.00864
0.00852
0.00858
0.0084
0.00744
0.00648
0.00582
0.00534
0.0048
0.00432
0.00396
0.0039
0.0039
0.00408
0.0048
0.00546
0.00594
0.0063
0.0063
0.00612
0.00588
0.00546
0.00516
0.00456
0.00354
0.00276
0.00246
0.00222
0.0024
0.00318
0.00378
0.00432
0.00486
0.00552
0.00648
0.00714
0.00714
0.00702
0.00672
0.00612
0.0054
0.00486
0.00432
0.00378
0.00354
0.00354
0.00354
0.00384
0.00456
0.00522
0.00564
0.00612
0.00624
0.0063
0.0066
0.0063
0.00552
0.00486
0.00414
0.0033
0.00276
0.0024
0.00264
0.00306
0.00312
0.0033
0.00408
0.00498
0.00558
0.00618
0.00648
0.00642
0.00606
0.00552
0.0051
0.00474
0.00402
0.00324
0.00288
0.00282
0.00288
0.00348
0.00438
0.0051
0.00558
0.006
0.00654
0.00708
0.00738
0.00738
0.0072
0.0066
0.00558
0.00498
0.00486
0.00438
0.00396
0.00408
0.00432
0.0048
0.0054
0.00606
0.00708
0.00774
0.00774
0.0078
0.00798
0.0075
0.00684
0.00624
0.00558
0.00498
0.00426
0.0036
0.0036
0.0039
0.00408
0.00462
0.00522
0.00546
0.00612
0.00672
0.00708
0.00726
0.00696
0.00654
0.00618
0.00552
0.00492
0.0045
0.00432
0.00432
0.00426
0.00456
0.00552
0.0066
0.00726
0.00762
0.0081
0.00852
0.00864
0.00876
0.0087
0.00804
0.00726
0.00672
0.00618
0.00564
0.00528
0.0054
0.0057
0.00594
0.00618
0.0066
0.0072
0.00774
0.00792
0.00786
0.00774
0.00708
0.00624
0.00594
0.00564
0.00474
0.0039
0.00354
0.00336
0.00336
0.00378
0.00426
0.0048
0.00522
0.00534
0.00576
0.00612
0.006
0.00576
0.0054
0.00444
0.00372
0.00324
0.00246
0.00234
0.00264
0.00216
0.0021
0.003
0.00366
0.00426
0.0051
0.0057
0.00606
0.00612
0.00576
0.00576
0.0057
0.00498
0.00414
0.00372
0.00342
0.0033
0.00354
0.00384
0.00444
0.00516
0.00564
0.00618
0.00696
0.00744
0.00762
0.00756
0.00696
0.0063
0.00588
0.0054
0.00468
0.0042
0.00402
0.00396
0.00402
0.00432
0.00492
0.00576
0.00642
0.00666
0.0069
0.00726
0.0072
0.00678
0.00666
0.00624
0.00534
0.00462
0.00432
0.00402
0.00396
0.00366
0.0039
0.00492
0.00522
0.00546
0.00654
0.00702
0.00714
0.00768
0.00732
0.0063
0.00606
0.00582
0.00516
0.00498
0.00432
0.00342
0.00384
0.00438
0.00444
0.00522
0.00576
0.0057
0.00654
0.00732
0.00732
0.00798
0.00786
0.00624
0.0057
0.00552
0.00444
0.00432
0.00444
0.00372
0.00378
0.0042
0.00432
0.00534
0.00636
0.00624
0.00672
0.00696
0.00648
0.00666
0.00654
0.00558
0.00516
0.00456
0.00384
0.0039
0.00366
0.00384
0.0045
0.0045
0.00504
0.00606
0.0063
0.00684
0.00744
0.00708
0.00708
0.0072
0.00594
0.00516
0.0051
0.00462
0.00462
0.00462
0.00384
0.0039
0.00486
0.0054
0.0063
0.00726
0.0072
0.00702
0.00756
0.0078
0.00744
0.00708
0.0063
0.00528
0.00504
0.00498
0.00474
0.00468
0.0048
0.00486
0.00522
0.006
0.00672
0.00726
0.0075
0.00762
0.00738
0.00678
0.00636
0.00618
0.00552
0.00474
0.00426
0.00378
0.00348
0.00354
0.00402
0.00462
0.00492
0.0051
0.00546
0.00588
0.00606
0.00648
0.00642
0.0057
0.00498
0.00426
0.00378
0.0036
0.00312
0.00252
0.00258
0.00276
0.003
0.00372
0.00462
0.00552
0.00606
0.00594
0.00612
0.00642
0.00606
0.0057
0.00528
0.00468
0.00468
0.0039
0.00288
0.0036
0.00396
0.00426
0.0057
0.00552
0.00534
0.00648
0.00666
0.00738
0.00822
0.0069
0.00624
0.00648
0.00564
0.00552
0.00546
0.0045
0.00432
0.0042
0.00444
0.00606
0.0066
0.00642
0.00732
0.00762
0.00786
0.00864
0.00816
0.0075
0.00726
0.0063
0.00582
0.00576
0.0051
0.00498
0.00522
0.00504
0.0054
0.00576
0.0057
0.0066
0.00726
0.00708
0.00744
0.00732
0.00642
0.00624
0.00606
0.00522
0.0048
0.00432
0.0036
0.00372
0.0042
0.00414
0.00462
0.00564
0.00582
0.00594
0.00684
0.00696
0.00648
0.0066
0.00606
0.0051
0.00492
0.00444
0.00348
0.00342
0.00342
0.0027
0.00312
0.00426
0.00438
0.00468
0.0057
0.00576
0.0054
0.00552
0.00558
0.00528
0.00498
0.00456
0.00366
0.003
0.00294
0.00282
0.0027
0.00354
0.00396
0.0033
0.00402
0.00558
0.00594
0.006
0.00702
0.00708
0.00582
0.0054
0.00576
0.00546
0.00456
0.00426
0.00456
0.00408
0.00408
0.00522
0.00618
0.0066
0.00696
0.00756
0.00786
0.00774
0.00792
0.0081
0.0078
0.00732
0.00654
0.00558
0.00522
0.00534
0.00516
0.00492
0.00522
0.00564
0.00594
0.00654
0.00726
0.00768
0.00792
0.00792
0.00756
0.00714
0.00654
0.00588
0.00534
0.00492
0.00444
0.0039
0.00372
0.0042
0.0048
0.0051
0.0054
0.00576
0.00612
0.00642
0.0066
0.00666
0.00642
0.00576
0.00504
0.00438
0.00378
0.00348
0.00342
0.0033
0.00324
0.00354
0.00402
0.00468
0.00534
0.00558
0.00582
0.00594
0.0054
0.00564
0.00606
0.00492
0.00408
0.00396
0.0033
0.00324
0.00366
0.00312
0.00318
0.00426
0.00474
0.00522
0.006
0.00606
0.00612
0.00666
0.00654
0.00618
0.00624
0.00546
0.00492
0.00516
0.00468
0.0039
0.00426
0.0048
0.00498
0.00576
0.00654
0.00678
0.0072
0.00762
0.0078
0.00816
0.00774
0.00654
0.00624
0.00642
0.00588
0.00564
0.00552
0.00504
0.00522
0.00582
0.00612
0.0066
0.00714
0.0072
0.00756
0.0081
0.00774
0.00714
0.00654
0.00588
0.00588
0.00576
0.00462
0.00366
0.00336
0.0036
0.00456
0.0054
0.0054
0.00522
0.00558
0.00624
0.00672
0.00666
0.00618
0.00558
0.0051
0.00492
0.0045
0.0039
0.0036
0.00342
0.00342
0.00378
0.00402
0.00444
0.00522
0.00558
0.00582
0.00642
0.0063
0.00588
0.00558
0.00516
0.00516
0.00504
0.00384
0.00318
0.00324
0.00318
0.00366
0.00426
0.00438
0.0051
0.00564
0.0057
0.00648
0.00702
0.0066
0.00648
0.00606
0.00534
0.0054
0.00504
0.0042
0.0042
0.00396
0.0036
0.00456
0.00534
0.0054
0.00636
0.00678
0.00648
0.00726
0.00744
0.00684
0.00714
0.00672
0.00558
0.00564
0.00534
0.00414
0.00444
0.00516
0.00474
0.00498
0.00564
0.00546
0.00618
0.0075
0.00726
0.00684
0.00738
0.00696
0.00588
0.00594
0.00612
0.00498
0.00438
0.00468
0.00396
0.00366
0.0048
0.00552
0.0054
0.00606
0.0066
0.006
0.00642
0.00738
0.00696
0.00588
0.0057
0.00504
0.00372
0.00378
0.0045
0.0042
0.00354
0.00426
0.00486
0.00444
0.0048
0.00618
0.00666
0.00606
0.0063
0.00654
0.0057
0.00546
0.0057
0.00498
0.00384
0.00372
0.00384
0.00354
0.00396
0.00486
0.00498
0.00504
0.006
0.00666
0.00636
0.00636
0.00666
0.00642
0.00552
0.00522
0.00534
0.00444
0.00378
0.00426
0.00444
0.00402
0.00444
0.0054
0.00576
0.00588
0.00648
0.00708
0.00702
0.00684
0.00714
0.0066
0.00558
0.0054
0.00522
0.0045
0.00456
0.0051
0.0048
0.0045
0.00498
0.00546
0.00582
0.00684
0.00756
0.00708
0.00678
0.00696
0.0066
0.0063
0.00606
0.00528
0.00456
0.00426
0.00384
0.00402
0.00492
0.00498
0.0048
0.00558
0.00624
0.00648
0.00696
0.00714
0.00672
0.00612
0.0057
0.00522
0.00504
0.0051
0.00456
0.00384
0.00372
0.00366
0.0036
0.00426
0.0051
0.00558
0.00612
0.0066
0.0063
0.00582
0.00576
0.00576
0.00552
0.00516
0.00444
0.00366
0.00342
0.00348
0.0039
0.00462
0.00498
0.0048
0.0051
0.00564
0.00594
0.00618
0.00654
0.0066
0.006
0.00546
0.00504
0.00474
0.00486
0.00498
0.0045
0.00402
0.00432
0.00474
0.00516
0.00594
0.00678
0.00666
0.00636
0.00672
0.0069
0.0063
0.006
0.0057
0.00498
0.00456
0.00444
0.0042
0.00414
0.0045
0.00444
0.00462
0.0054
0.00564
0.0057
0.00612
0.00678
0.00654
0.006
0.00612
0.0057
0.0048
0.00456
0.00438
0.0042
0.00402
0.0042
0.00498
0.00552
0.00564
0.00618
0.0069
0.00702
0.00708
0.00726
0.00696
0.0066
0.00624
0.00546
0.0051
0.00522
0.00486
0.00444
0.00444
0.00456
0.00492
0.00528
0.00576
0.00642
0.00684
0.00666
0.00648
0.0063
0.00612
0.006
0.00558
0.0048
0.00438
0.00402
0.00372
0.00396
0.00408
0.00414
0.0048
0.00546
0.00558
0.00606
0.00678
0.00684
0.00648
0.0063
0.00588
0.00552
0.00528
0.00474
0.00438
0.00432
0.00402
0.0039
0.00438
0.00474
0.00516
0.00582
0.00606
0.006
0.00624
0.0063
0.00636
0.00654
0.00594
0.00516
0.0048
0.0045
0.0042
0.00426
0.00432
0.00444
0.0048
0.00504
0.00546
0.00606
0.00624
0.00642
0.00672
0.0066
0.00606
0.00576
0.00564
0.00522
0.00462
0.00408
0.00402
0.00408
0.00426
0.00486
0.00534
0.00552
0.0057
0.00594
0.00642
0.00672
0.00654
0.00612
0.00588
0.00528
0.00474
0.00462
0.00468
0.00462
0.00438
0.00414
0.00432
0.00474
0.00516
0.00558
0.00618
0.00654
0.00642
0.00618
0.00612
0.00594
0.00558
0.0051
0.00438
0.00402
0.00384
0.00348
0.00372
0.00438
0.00462
0.00474
0.00534
0.00588
0.0063
0.0066
0.00666
0.0066
0.00612
0.00552
0.00534
0.00522
0.00468
0.00432
0.00426
0.00408
0.0042
0.0048
0.00534
0.00582
0.00624
0.0063
0.0066
0.0069
0.00672
0.00648
0.00624
0.00588
0.00534
0.00492
0.00474
0.00456
0.00432
0.00444
0.00474
0.00492
0.00522
0.00582
0.00642
0.0069
0.00696
0.00678
0.00666
0.0063
0.00594
0.0057
0.00546
0.00516
0.00462
0.00408
0.00432
0.00498
0.00522
0.0054
0.006
0.00642
0.00654
0.00672
0.0069
0.0069
0.00666
0.00618
0.00576
0.00552
0.00516
0.00498
0.00504
0.00474
0.00474
0.00516
0.00546
0.00594
0.00648
0.00642
0.0066
0.00696
0.00654
0.0063
0.00678
0.00648
0.00528
0.00432
0.00438
0.00462
0.00432
0.0042
0.00462
0.00504
0.00504
0.0051
0.00582
0.00666
0.00654
0.00606
0.00624
0.00618
0.00534
0.00492
0.00498
0.00498
0.0045
0.00408
0.00396
0.00438
0.00492
0.00552
0.00588
0.00582
0.00588
0.00618
0.00648
0.00624
0.006
0.00612
0.00558
0.00498
0.00438
0.00408
0.00438
0.00468
0.0045
0.0042
0.00504
0.00576
0.00588
0.0063
0.00624
0.00654
0.00672
0.00606
0.00564
0.00498
0.00492
0.00516
0.00474
0.00432
0.00366
0.0045
0.0057
0.00552
0.00552
0.00546
0.00588
0.00684
0.00672
0.0066
0.00642
0.00588
0.00612
0.00546
0.00462
0.00444
0.00414
0.00456
0.0048
0.00396
0.00408
0.00504
0.00588
0.00678
0.00672
0.006
0.00612
0.00636
0.0063
0.0063
0.00546
0.00462
0.00462
0.0045
0.00438
0.00444
0.00444
0.00456
0.00498
0.0054
0.00576
0.00606
0.00648
0.00642
0.00624
0.00612
0.00564
0.00516
0.00498
0.00444
0.00408
0.00408
0.0039
0.00384
0.0045
0.00474
0.00468
0.00546
0.006
0.00606
0.00624
0.00612
0.00582
0.00588
0.0054
0.00474
0.00462
0.00408
0.00378
0.0042
0.00444
0.00444
0.00456
0.00474
0.00546
0.00606
0.00636
0.0066
0.00642
0.00618
0.00588
0.00576
0.00612
0.00576
0.00486
0.00438
0.00426
0.00492
0.00528
0.00504
0.00546
0.00558
0.00618
0.00714
0.0069
0.00672
0.00636
0.00606
0.00654
0.00588
0.0051
0.00486
0.0045
0.0051
0.00486
0.00438
0.00462
0.00462
0.00564
0.0066
0.00648
0.00654
0.00624
0.00642
0.00666
0.00618
0.00588
0.00498
0.0045
0.0048
0.00432
0.00426
0.00444
0.00474
0.00552
0.00534
0.00552
0.00612
0.00606
0.0066
0.00678
0.00618
0.00588
0.00522
0.0051
0.00546
0.00462
0.00426
0.00438
0.00378
0.0042
0.0051
0.0051
0.00558
0.006
0.00576
0.00636
0.00666
0.00606
0.00624
0.00606
0.00516
0.00492
0.00468
0.00408
0.00414
0.00438
0.00426
0.00462
0.00522
0.00498
0.00516
0.0063
0.00636
0.00594
0.00636
0.00612
0.00534
0.00534
0.00522
0.00462
0.00474
0.00456
0.0039
0.0042
0.00492
0.00492
0.00516
0.006
0.006
0.00582
0.00612
0.00666
0.00678
0.00588
0.00558
0.00558
0.00468
0.00426
0.00492
0.0051
0.00462
0.00474
0.00522
0.00534
0.0057
0.0063
0.0069
0.00714
0.0066
0.00624
0.00648
0.00606
0.00552
0.00528
0.00492
0.00432
0.00408
0.0045
0.00468
0.00468
0.0051
0.00546
0.0057
0.006
0.00624
0.00654
0.00648
0.00582
0.00534
0.00534
0.00528
0.00468
0.00432
0.00408
0.00354
0.00366
0.00444
0.0051
0.00528
0.0054
0.00606
0.00618
0.00588
0.00618
0.00648
0.0063
0.00546
0.00504
0.00516
0.00456
0.0039
0.00432
0.00492
0.00462
0.00438
0.00516
0.00552
0.00552
0.00594
0.0063
0.0066
0.00618
0.00564
0.00606
0.00582
0.00492
0.00486
0.00498
0.0045
0.0042
0.00456
0.00504
0.0054
0.00546
0.00558
0.0063
0.00636
0.00624
0.00654
0.00642
0.00588
0.00546
0.0051
0.0048
0.0048
0.0048
0.00456
0.00474
0.00486
0.0051
0.0057
0.00612
0.00642
0.0066
0.00666
0.00654
0.00648
0.00624
0.00576
0.00552
0.00522
0.00462
0.0042
0.0045
0.00474
0.00468
0.0051
0.00552
0.00546
0.00564
0.00642
0.00666
0.00654
0.00666
0.00642
0.0057
0.00522
0.00522
0.00474
0.00444
0.00468
0.0042
0.00372
0.00444
0.00504
0.00504
0.00582
0.00624
0.00552
0.0054
0.006
0.0063
0.00588
0.00522
0.00474
0.00426
0.00384
0.00402
0.0042
0.00438
0.00462
0.00444
0.0045
0.00528
0.00576
0.00588
0.0063
0.00618
0.0057
0.00564
0.00558
0.00534
0.00534
0.00492
0.00426
0.0042
0.00444
0.0045
0.00504
0.0057
0.00546
0.00546
0.006
0.006
0.00666
0.00708
0.00594
0.00558
0.0054
0.00456
0.00492
0.00486
0.0045
0.00444
0.0039
0.00456
0.00528
0.00534
0.00612
0.00606
0.00624
0.0069
0.00624
0.00642
0.00618
0.00516
0.0057
0.00558
0.0045
0.00456
0.00432
0.00474
0.00588
0.00546
0.0054
0.006
0.00594
0.00672
0.00738
0.00678
0.00642
0.00594
0.00558
0.00606
0.00558
0.00468
0.00462
0.00432
0.00432
0.00498
0.00522
0.00552
0.00594
0.00576
0.00606
0.00684
0.00672
0.00618
0.00612
0.00582
0.00522
0.00504
0.00474
0.00408
0.00402
0.0045
0.0045
0.00432
0.00492
0.00522
0.00522
0.00564
0.0063
0.00618
0.00558
0.00576
0.00552
0.00486
0.00456
0.00456
0.00468
0.00402
0.00342
0.0042
0.00456
0.00432
0.00474
0.00522
0.00564
0.00576
0.00564
0.00612
0.00618
0.00534
0.00516
0.0054
0.0051
0.00486
0.00462
0.0042
0.00432
0.00456
0.00462
0.00546
0.00606
0.00606
0.0063
0.00642
0.00612
0.00606
0.00624
0.0063
0.006
0.00534
0.00474
0.00462
0.00456
0.00444
0.00468
0.00504
0.00522
0.0054
0.00564
0.00612
0.00648
0.00654
0.0063
0.00612
0.00588
0.00546
0.00522
0.0051
0.00474
0.00444
0.00456
0.00456
0.00468
0.0051
0.00534
0.00582
0.00618
0.006
0.00606
0.00648
0.00636
0.006
0.00576
0.00522
0.00474
0.00462
0.00462
0.0048
0.00498
0.00474
0.0048
0.00546
0.0057
0.0057
0.00606
0.00624
0.006
0.00582
0.00564
0.00546
0.00522
0.00504
0.0048
0.00444
0.00426
0.00426
0.00462
0.00522
0.00546
0.00516
0.00552
0.006
0.006
0.00612
0.00618
0.00588
0.00552
0.00504
0.00468
0.00468
0.00444
0.00408
0.00408
0.00414
0.00432
0.00492
0.00552
0.00588
0.00612
0.00606
0.006
0.0063
0.00612
0.00564
0.00558
0.00546
0.00486
0.00438
0.0042
0.00414
0.00426
0.00444
0.00474
0.00504
0.0054
0.00582
0.00624
0.0066
0.00648
0.00606
0.00582
0.0057
0.0054
0.0051
0.00492
0.00468
0.00438
0.0042
0.00432
0.00486
0.00546
0.00582
0.00594
0.00594
0.00612
0.00624
0.00624
0.00624
0.006
0.00534
0.0048
0.00468
0.00456
0.0045
0.00468
0.00468
0.00462
0.00486
0.00528
0.00576
0.006
0.00612
0.00612
0.00618
0.006
0.0057
0.00564
0.00546
0.00498
0.00456
0.00444
0.00438
0.00438
0.0045
0.00486
0.0051
0.00528
0.00552
0.00588
0.0063
0.00618
0.00582
0.00582
0.0054
0.00492
0.00474
0.00462
0.00462
0.00474
0.00444
0.00444
0.00492
0.00522
0.00558
0.00618
0.0063
0.00624
0.00648
0.00642
0.00624
0.00606
0.00552
0.00516
0.00492
0.00456
0.00438
0.00462
0.0048
0.0048
0.00498
0.00528
0.00564
0.00588
0.00606
0.0063
0.0063
0.00606
0.0057
0.00552
0.00534
0.0051
0.0048
0.00468
0.00462
0.00456
0.0045
0.00492
0.00552
0.00588
0.00606
0.00612
0.00618
0.0063
0.00624
0.006
0.00582
0.00528
0.00462
0.00456
0.00462
0.00456
0.00474
0.00474
0.00468
0.00516
0.00558
0.00594
0.00648
0.0066
0.00624
0.00618
0.00606
0.00552
0.00522
0.00504
0.00462
0.00444
0.00414
0.00384
0.00444
0.00498
0.00492
0.00528
0.00576
0.00582
0.00606
0.00636
0.00636
0.00642
0.0063
0.00588
0.00552
0.00516
0.0048
0.00468
0.00474
0.00456
0.00474
0.00516
0.0054
0.00564
0.00582
0.00588
0.00612
0.00618
0.00588
0.00588
0.00618
0.0057
0.0048
0.00462
0.00456
0.00444
0.00468
0.00486
0.00504
0.0051
0.00504
0.0054
0.00612
0.00636
0.00636
0.00636
0.00606
0.00552
0.00522
0.0051
0.00498
0.00486
0.00468
0.00444
0.00456
0.00498
0.00534
0.00552
0.0057
0.00576
0.00576
0.006
0.00612
0.00594
0.00588
0.00558
0.00498
0.00468
0.00456
0.00444
0.00456
0.00456
0.00456
0.00504
0.00558
0.0057
0.00588
0.00618
0.00648
0.0063
0.0054
0.00546
0.00624
0.00606
0.00492
0.0045
0.00492
0.00492
0.00474
0.0048
0.00552
0.00618
0.006
0.00576
0.00642
0.00684
0.00648
0.00618
0.00624
0.00594
0.00564
0.0054
0.00516
0.00504
0.00522
0.00504
0.00468
0.00492
0.0054
0.00594
0.0063
0.00606
0.006
0.0066
0.00648
0.00582
0.00594
0.00588
0.00528
0.00486
0.0045
0.00438
0.00456
0.0048
0.0051
0.00546
0.00564
0.00564
0.00594
0.00648
0.00666
0.00642
0.0063
0.0063
0.006
0.00528
0.0051
0.00558
0.00504
0.00384
0.00408
0.00534
0.00522
0.00456
0.0054
0.0066
0.00618
0.00546
0.00582
0.00684
0.00678
0.00534
0.00486
0.00576
0.00534
0.00402
0.00438
0.0054
0.00492
0.00408
0.00492
0.00618
0.00588
0.0051
0.00594
0.00696
0.00606
0.00492
0.00546
0.006
0.00516
0.00456
0.00522
0.00558
0.00438
0.00366
0.0051
0.00588
0.00486
0.00474
0.00594
0.00624
0.00546
0.00546
0.00624
0.00594
0.00474
0.0045
0.0051
0.00492
0.0042
0.00402
0.00438
0.00486
0.00492
0.00474
0.0054
0.00618
0.006
0.0057
0.00582
0.00606
0.00594
0.00546
0.0051
0.0054
0.00528
0.00456
0.00456
0.00516
0.0054
0.00522
0.00504
0.00522
0.0057
0.00588
0.00558
0.00594
0.0063
0.00564
0.00492
0.00522
0.00546
0.00462
0.00414
0.00456
0.00456
0.00414
0.0048
0.00582
0.00552
0.0057
0.0066
0.00612
0.0054
0.00618
0.00618
0.00522
0.0054
0.00546
0.00444
0.00438
0.00498
0.00444
0.00426
0.00504
0.0051
0.00492
0.00546
0.00594
0.00612
0.00618
0.00594
0.00582
0.00576
0.00552
0.00528
0.00522
0.0051
0.00462
0.00432
0.00444
0.00462
0.00492
0.00552
0.00564
0.00552
0.00582
0.006
0.00606
0.00624
0.00624
0.00576
0.00516
0.00492
0.00486
0.00474
0.00438
0.0042
0.00462
0.00492
0.0048
0.00516
0.00588
0.00606
0.00588
0.00606
0.00642
0.00648
0.00612
0.00582
0.00594
0.00594
0.00486
0.00438
0.00504
0.00522
0.00528
0.00498
0.0048
0.00552
0.00606
0.0057
0.00582
0.00678
0.00702
0.00606
0.00516
0.00504
0.00534
0.0051
0.00432
0.00396
0.0045
0.0051
0.0051
0.00492
0.00534
0.0063
0.00666
0.00594
0.00558
0.00588
0.00606
0.00606
0.0054
0.00462
0.00438
0.0048
0.0054
0.00516
0.00438
0.00444
0.00498
0.00546
0.00582
0.00576
0.00582
0.006
0.00582
0.00588
0.0057
0.00498
0.0048
0.00492
0.00468
0.00432
0.00426
0.00408
0.00456
0.00528
0.00522
0.00522
0.0057
0.0057
0.00558
0.00606
0.00618
0.00594
0.00546
0.00474
0.00474
0.00516
0.00474
0.00444
0.00492
0.0048
0.00444
0.00504
0.0057
0.00624
0.0063
0.00588
0.00594
0.0063
0.0063
0.00606
0.0057
0.0054
0.00504
0.00474
0.00462
0.0045
0.00468
0.00522
0.0054
0.00528
0.00528
0.00576
0.00642
0.0063
0.0057
0.00552
0.00546
0.0054
0.00528
0.0051
0.0051
0.00516
0.00474
0.0045
0.00498
0.00534
0.00516
0.00522
0.00552
0.00582
0.00618
0.00642
0.00642
0.006
0.00558
0.00546
0.00516
0.00492
0.00498
0.00492
0.00462
0.0048
0.00474
0.00474
0.00534
0.0057
0.00564
0.0057
0.00588
0.00582
0.00558
0.0054
0.00552
0.00534
0.00456
0.0042
0.00468
0.00474
0.00456
0.00528
0.00564
0.00516
0.00516
0.00552
0.00558
0.006
0.00624
0.006
0.00564
0.00516
0.00504
0.00534
0.00504
0.00492
0.00504
0.00468
0.00456
0.0051
0.00558
0.00576
0.006
0.00624
0.006
0.00558
0.00558
0.0057
0.00558
0.00528
0.00504
0.0048
0.00444
0.00414
0.00468
0.00528
0.00516
0.0054
0.0057
0.00552
0.00558
0.00618
0.00642
0.00618
0.00588
0.00564
0.00546
0.0051
0.00486
0.00492
0.00468
0.00438
0.00486
0.00504
0.00474
0.00522
0.00576
0.00576
0.00588
0.00624
0.00588
0.00552
0.00564
0.00522
0.0048
0.00504
0.00534
0.00516
0.00492
0.00468
0.00462
0.00498
0.00552
0.00582
0.00618
0.00624
0.00606
0.00624
0.00612
0.00552
0.0054
0.00546
0.0051
0.00516
0.00498
0.00438
0.00474
0.00528
0.0051
0.00522
0.00558
0.0057
0.00576
0.00582
0.00594
0.00618
0.00582
0.00552
0.0057
0.00528
0.00498
0.00498
0.00468
0.00498
0.0051
0.00456
0.00504
0.00564
0.00576
0.00642
0.0063
0.00582
0.00618
0.00594
0.00582
0.006
0.0051
0.00456
0.00474
0.00462
0.00486
0.0051
0.0048
0.00492
0.00522
0.00558
0.00612
0.00612
0.00594
0.00618
0.00618
0.00612
0.00582
0.00522
0.00516
0.00504
0.00474
0.00486
0.0048
0.00462
0.00504
0.00558
0.00594
0.00612
0.00588
0.00558
0.00582
0.00606
0.00594
0.00594
0.00534
0.00438
0.00444
0.0048
0.00504
0.0051
0.00426
0.00366
0.00444
0.0051
0.0054
0.0057
0.00546
0.00516
0.00558
0.00558
0.00534
0.00534
0.0051
0.00468
0.00456
0.0045
0.00462
0.00504
0.00564
0.0057
0.00534
0.0057
0.00618
0.00618
0.00648
0.0066
0.00606
0.00558
0.00522
0.00504
0.00546
0.00546
0.00468
0.00444
0.00462
0.00438
0.00486
0.00576
0.00594
0.00594
0.00606
0.00588
0.00588
0.00594
0.00588
0.00588
0.0057
0.00522
0.0048
0.00468
0.00486
0.00492
0.00486
0.00504
0.00534
0.00546
0.00564
0.00612
0.00642
0.00648
0.0063
0.00594
0.00558
0.00534
0.0051
0.0048
0.00474
0.00456
0.0039
0.00396
0.00468
0.0048
0.0048
0.00522
0.00546
0.00552
0.00582
0.00594
0.00588
0.00594
0.00558
0.00522
0.00516
0.0048
0.00456
0.00498
0.00492
0.00456
0.0048
0.0051
0.00534
0.0057
0.00588
0.00606
0.00606
0.00588
0.00582
0.00582
0.00576
0.00546
0.00498
0.00474
0.00474
0.00474
0.0048
0.0051
0.00546
0.00546
0.00552
0.00558
0.00588
0.00612
0.00594
0.00588
0.0057
0.00516
0.00474
0.00474
0.0048
0.0048
0.00474
0.00462
0.00468
0.00504
0.00534
0.00564
0.00588
0.00594
0.00594
0.00588
0.00576
0.00558
0.00546
0.0054
0.00522
0.00492
0.00456
0.00432
0.0048
0.00516
0.00504
0.00516
0.00534
0.0054
0.00588
0.00618
0.00612
0.00588
0.0054
0.00522
0.0054
0.0051
0.00462
0.00474
0.00474
0.0045
0.00474
0.00498
0.0051
0.00564
0.00576
0.00564
0.00594
0.006
0.00588
0.00606
0.00588
0.0054
0.00504
0.00474
0.00474
0.00492
0.00498
0.00486
0.00498
0.00522
0.0054
0.0057
0.00594
0.00606
0.00612
0.00588
0.00558
0.0054
0.00546
0.0054
0.00522
0.00504
0.00468
0.00456
0.00492
0.00516
0.00516
0.00522
0.00528
0.00546
0.00582
0.00588
0.00594
0.006
0.00576
0.00534
0.00528
0.00528
0.00504
0.00492
0.0048
0.0048
0.00468
0.00474
0.00522
0.0057
0.00576
0.00582
0.00618
0.00612
0.00564
0.00576
0.00606
0.0057
0.00504
0.00486
0.0048
0.00474
0.00492
0.0051
0.00522
0.00534
0.00522
0.0054
0.00594
0.0063
0.00612
0.00612
0.00618
0.00576
0.0054
0.00534
0.00534
0.00522
0.00498
0.00468
0.0048
0.00504
0.00516
0.0054
0.00576
0.00582
0.00564
0.00564
0.00588
0.00594
0.00582
0.00552
0.00516
0.00492
0.0048
0.0048
0.00504
0.0051
0.00498
0.00522
0.00552
0.00558
0.00582
0.00612
0.00618
0.00618
0.00582
0.00552
0.00576
0.00558
0.00504
0.00492
0.0048
0.0045
0.00444
0.00468
0.00486
0.00522
0.00534
0.00528
0.00576
0.00606
0.00594
0.00606
0.00606
0.00564
0.00522
0.0051
0.00504
0.00498
0.00492
0.00492
0.00486
0.00486
0.00498
0.00534
0.00576
0.00588
0.0057
0.00588
0.00594
0.00576
0.00576
0.00582
0.0057
0.00528
0.00474
0.00462
0.0048
0.0048
0.00492
0.00492
0.00468
0.00486
0.00534
0.0057
0.00594
0.00594
0.00552
0.0054
0.00534
0.0051
0.00498
0.0051
0.00498
0.00474
0.00468
0.00492
0.00534
0.00552
0.00558
0.00594
0.00606
0.00594
0.006
0.00606
0.00618
0.00624
0.0057
0.00516
0.00516
0.00528
0.00528
0.00504
0.00492
0.00516
0.00522
0.00534
0.00582
0.00612
0.00612
0.0063
0.00624
0.00576
0.00558
0.00582
0.00552
0.00522
0.00504
0.00486
0.00504
0.0051
0.00522
0.00576
0.00606
0.00576
0.0057
0.006
0.00612
0.006
0.00588
0.00576
0.00552
0.00516
0.00486
0.0048
0.00498
0.00492
0.0048
0.00504
0.00522
0.00534
0.00564
0.00576
0.00594
0.00612
0.00582
0.00558
0.00582
0.0057
0.00528
0.00498
0.0048
0.00468
0.00456
0.0045
0.0048
0.00504
0.00504
0.00546
0.0057
0.00546
0.00576
0.00606
0.00576
0.0054
0.00522
0.00522
0.00546
0.00522
0.00486
0.00486
0.00504
0.00492
0.00486
0.00504
0.0057
0.00612
0.00564
0.00588
0.00654
0.00564
0.00522
0.00642
0.00624
0.00474
0.00468
0.00552
0.00516
0.00438
0.00492
0.0057
0.0054
0.00468
0.00522
0.0063
0.00618
0.00558
0.00594
0.00648
0.00612
0.00528
0.0054
0.00588
0.00558
0.00456
0.00414
0.00486
0.00528
0.0048
0.00456
0.00534
0.006
0.00588
0.00534
0.00552
0.00672
0.00684
0.00582
0.0051
0.00516
0.00558
0.00516
0.00474
0.00444
0.00456
0.00504
0.0048
0.00504
0.00534
0.00534
0.00624
0.00618
0.00528
0.00546
0.00546
0.00582
0.00624
0.00498
0.00426
0.00474
0.00492
0.00516
0.00528
0.00474
0.00468
0.00492
0.0051
0.00576
0.00594
0.00546
0.0054
0.0054
0.00516
0.00498
0.00492
0.0048
0.0045
0.00456
0.00492
0.0048
0.00474
0.0051
0.00534
0.00546
0.00576
0.00594
0.00594
0.00594
0.006
0.00582
0.00546
0.00522
0.00492
0.0048
0.0048
0.00486
0.00492
0.0048
0.00486
0.00504
0.00522
0.0054
0.00552
0.00576
0.0057
0.0051
0.00516
0.00552
0.00516
0.00504
0.00516
0.00444
0.00426
0.00468
0.00474
0.00534
0.006
0.00534
0.00492
0.00576
0.00606
0.00606
0.00648
0.00588
0.0048
0.00492
0.0054
0.00546
0.00534
0.00492
0.00438
0.0045
0.00498
0.00546
0.00588
0.00612
0.00594
0.00564
0.0054
0.00552
0.00594
0.00594
0.00546
0.0051
0.00474
0.00444
0.00474
0.0051
0.00498
0.00492
0.00504
0.00504
0.00522
0.00552
0.00576
0.00606
0.00594
0.00528
0.0051
0.00516
0.00486
0.00504
0.00516
0.0048
0.00456
0.00444
0.0045
0.0051
0.00558
0.00564
0.00582
0.00588
0.00558
0.0057
0.00594
0.00588
0.00576
0.0054
0.00504
0.00486
0.00474
0.00462
0.00504
0.0051
0.00474
0.00492
0.0051
0.00498
0.00534
0.00576
0.00588
0.0057
0.00534
0.0054
0.0054
0.00516
0.0048
0.00486
0.00498
0.00444
0.0045
0.00534
0.00534
0.00492
0.00498
0.00528
0.00552
0.0057
0.00558
0.00576
0.00576
0.0051
0.00492
0.00504
0.0051
0.00516
0.00474
0.00444
0.00468
0.00456
0.00438
0.00504
0.00558
0.00546
0.00516
0.0051
0.00552
0.00546
0.00474
0.00486
0.00516
0.00462
0.0042
0.00432
0.00474
0.00516
0.00504
0.00474
0.0054
0.00594
0.00564
0.00558
0.00612
0.00606
0.00564
0.00522
0.00492
0.0051
0.00534
0.00498
0.0048
0.0048
0.00462
0.0048
0.00522
0.00534
0.00552
0.00588
0.00594
0.00582
0.00582
0.00582
0.00588
0.00558
0.00498
0.00486
0.0051
0.00504
0.00462
0.00474
0.00522
0.00492
0.0048
0.0051
0.00576
0.00642
0.00594
0.00558
0.00582
0.00546
0.00504
0.00534
0.0057
0.00546
0.00498
0.0048
0.00486
0.00492
0.00492
0.0051
0.00564
0.00576
0.00552
0.00582
0.00618
0.00606
0.00582
0.00552
0.0054
0.00546
0.00516
0.00498
0.00528
0.00516
0.0048
0.00474
0.0051
0.0057
0.00588
0.00552
0.00558
0.00576
0.00552
0.00528
0.00534
0.00558
0.00546
0.00492
0.00456
0.00486
0.00498
0.00498
0.00522
0.00534
0.00528
0.00534
0.00546
0.00558
0.0057
0.00576
0.00564
0.0054
0.00516
0.00504
0.00528
0.00516
0.00474
0.00462
0.00492
0.00516
0.00534
0.00552
0.0057
0.00594
0.00606
0.00582
0.00582
0.00612
0.00588
0.00552
0.00534
0.0051
0.0048
0.00474
0.00462
0.00486
0.00504
0.00492
0.00522
0.00552
0.00552
0.00588
0.00618
0.006
0.006
0.00594
0.0057
0.0057
0.00564
0.00522
0.00504
0.00498
0.0048
0.00498
0.00546
0.0057
0.0057
0.00564
0.0057
0.00576
0.00588
0.00606
0.006
0.00588
0.00564
0.0051
0.00486
0.00498
0.00504
0.00498
0.00492
0.00492
0.00498
0.00504
0.00534
0.0057
0.00582
0.00564
0.00576
0.00594
0.00588
0.00564
0.00546
0.0051
0.0048
0.00456
0.00474
0.0051
0.00516
0.00504
0.00522
0.0054
0.00528
0.0054
0.006
0.00624
0.00612
0.0057
0.00534
0.00516
0.0051
0.00516
0.00534
0.00528
0.00504
0.00468
0.00474
0.00492
0.0051
0.00558
0.00612
0.00594
0.00576
0.00582
0.00594
0.00594
0.00582
0.00546
0.0051
0.00498
0.00486
0.00486
0.00498
0.00504
0.00492
0.0051
0.00558
0.00588
0.00594
0.006
0.00594
0.0057
0.00546
0.00564
0.0057
0.00558
0.00546
0.00528
0.0051
0.00504
0.00516
0.0054
0.00564
0.00582
0.0057
0.00564
0.006
0.00618
0.00576
0.00576
0.006
0.00552
0.0051
0.0051
0.0051
0.00516
0.00522
0.00492
0.0051
0.00552
0.00558
0.00582
0.00618
0.00606
0.00576
0.0057
0.0057
0.00582
0.00576
0.0054
0.00522
0.00498
0.00456
0.00462
0.00498
0.00486
0.0048
0.00516
0.00528
0.0054
0.00582
0.006
0.00594
0.00594
0.0057
0.00534
0.00528
0.0051
0.00504
0.00516
0.0051
0.00498
0.00516
0.00534
0.0057
0.00618
0.00624
0.00606
0.00612
0.00612
0.00618
0.0063
0.00618
0.00582
0.00546
0.00516
0.0051
0.0051
0.00498
0.00504
0.00522
0.00528
0.0054
0.00552
0.00576
0.00606
0.00612
0.00606
0.00606
0.00588
0.0057
0.0057
0.00546
0.0051
0.00504
0.00492
0.00492
0.00534
0.00546
0.00546
0.00582
0.00576
0.00576
0.00618
0.00612
0.006
0.00588
0.00534
0.00522
0.00552
0.00516
0.0051
0.00546
0.00522
0.0048
0.00516
0.00546
0.00564
0.00594
0.00594
0.00582
0.006
0.00588
0.00558
0.00576
0.00576
0.00534
0.0051
0.0051
0.00498
0.0051
0.00528
0.0054
0.00564
0.0057
0.00552
0.00582
0.00606
0.00594
0.00588
0.00588
0.00576
0.00558
0.00534
0.00534
0.00528
0.00498
0.00492
0.0051
0.00504
0.00504
0.00546
0.00564
0.00564
0.0057
0.00546
0.00552
0.00594
0.00588
0.00546
0.0051
0.0048
0.00486
0.00492
0.00492
0.00504
0.00498
0.00492
0.00534
0.00558
0.00558
0.00576
0.00612
0.00618
0.00606
0.0057
0.00564
0.006
0.00546
0.00498
0.00546
0.00546
0.00462
0.0045
0.00564
0.00594
0.0057
0.0057
0.00546
0.00612
0.00654
0.00624
0.0063
0.00576
0.00552
0.00576
0.0051
0.00534
0.00552
0.0048
0.00504
0.0051
0.00498
0.0054
0.00528
0.00558
0.00606
0.00552
0.00558
0.00564
0.00522
0.0057
0.00564
0.00492
0.00486
0.00462
0.00462
0.00498
0.00462
0.0048
0.0054
0.00516
0.00522
0.00558
0.00546
0.00588
0.00624
0.0054
0.00498
0.00528
0.00504
0.0048
0.00534
0.00522
0.00456
0.00462
0.00492
0.00492
0.0051
0.00546
0.00534
0.0054
0.00546
0.00534
0.0054
0.00576
0.00564
0.0051
0.00486
0.0048
0.00468
0.00474
0.0048
0.00468
0.0048
0.00516
0.0054
0.00528
0.00516
0.00522
0.00546
0.0057
0.0054
0.00498
0.00534
0.00576
0.00516
0.00462
0.00474
0.00468
0.00462
0.00516
0.00552
0.00552
0.0057
0.0057
0.00558
0.00564
0.00576
0.00582
0.00552
0.00498
0.00486
0.0048
0.00444
0.00456
0.00498
0.00474
0.00474
0.00522
0.00534
0.0054
0.00582
0.00606
0.00558
0.0051
0.00534
0.0054
0.00522
0.00552
0.00522
0.0045
0.0048
0.00504
0.00462
0.00522
0.0057
0.0051
0.0054
0.00618
0.00558
0.00534
0.00636
0.00636
0.0054
0.00546
0.00576
0.00492
0.00468
0.00552
0.0054
0.00456
0.00504
0.00534
0.00474
0.00516
0.00594
0.00576
0.00552
0.00588
0.006
0.0054
0.00528
0.00582
0.00552
0.00468
0.00516
0.00546
0.00432
0.00456
0.00564
0.0054
0.0051
0.00588
0.0063
0.00558
0.00516
0.00576
0.00624
0.0057
0.00528
0.00558
0.00522
0.00432
0.00444
0.00504
0.00492
0.00474
0.00522
0.0054
0.0051
0.0051
0.00564
0.00606
0.00594
0.00576
0.00564
0.0054
0.00498
0.00474
0.00498
0.00522
0.00498
0.00456
0.00462
0.00498
0.00504
0.00516
0.00582
0.00618
0.00576
0.0054
0.00546
0.00564
0.00552
0.00528
0.00534
0.00546
0.00516
0.00456
0.00438
0.00474
0.00522
0.00516
0.0048
0.00516
0.00576
0.00564
0.0054
0.00564
0.00558
0.00546
0.0054
0.00504
0.0051
0.00558
0.00528
0.00474
0.00468
0.00492
0.00522
0.00558
0.0054
0.00546
0.0057
0.00552
0.00546
0.00576
0.00564
0.00546
0.0054
0.0051
0.00498
0.0051
0.00528
0.0054
0.0054
0.00528
0.0054
0.0057
0.00564
0.0057
0.00594
0.00564
0.00528
0.00534
0.0054
0.0054
0.00516
0.00468
0.00462
0.00492
0.00498
0.0051
0.00546
0.00552
0.0054
0.0054
0.00546
0.00546
0.00552
0.00564
0.0057
0.00564
0.00528
0.0048
0.00486
0.0051
0.00498
0.00492
0.00486
0.0048
0.00486
0.00504
0.00534
0.0057
0.00582
0.00594
0.0057
0.0054
0.00546
0.00582
0.00576
0.00498
0.00468
0.00486
0.00444
0.00456
0.00492
0.00504
0.00516
0.00486
0.00516
0.00576
0.00558
0.00558
0.00552
0.0057
0.00576
0.00498
0.0051
0.00558
0.00498
0.00468
0.00468
0.00468
0.00528
0.00534
0.0051
0.00576
0.00588
0.0054
0.00558
0.00588
0.00612
0.00606
0.00564
0.00564
0.00582
0.00534
0.00516
0.0054
0.0057
0.00564
0.00528
0.00522
0.0057
0.00582
0.00558
0.00558
0.0057
0.00582
0.00546
0.0051
0.00552
0.00552
0.0048
0.00456
0.0048
0.00522
0.00552
0.00516
0.00504
0.0057
0.00558
0.00516
0.0054
0.00582
0.00588
0.00552
0.00522
0.0051
0.00516
0.00504
0.00492
0.00516
0.00522
0.00486
0.00492
0.00516
0.00522
0.00552
0.00594
0.0057
0.00528
0.00546
0.00564
0.00546
0.00516
0.00498
0.00498
0.00486
0.00468
0.00462
0.0051
0.00552
0.0054
0.00546
0.00558
0.00564
0.00594
0.00612
0.00606
0.00588
0.00558
0.00546
0.0057
0.00564
0.00522
0.00522
0.00528
0.00522
0.00516
0.00534
0.00576
0.00618
0.00594
0.0057
0.006
0.00606
0.00582
0.00588
0.00594
0.00576
0.00492
0.00462
0.00522
0.00498
0.0045
0.00528
0.0057
0.00486
0.00516
0.00618
0.00594
0.0057
0.00606
0.00582
0.00564
0.00594
0.0057
0.00516
0.00534
0.00534
0.00498
0.00504
0.00522
0.00492
0.00498
0.00558
0.00576
0.00558
0.006
0.00606
0.00576
0.00618
0.0063
0.00558
0.0054
0.00552
0.00504
0.00468
0.00504
0.00534
0.00504
0.00534
0.00576
0.00546
0.00522
0.00546
0.00558
0.00564
0.00576
0.0057
0.00558
0.00552
0.00534
0.00534
0.00504
0.00462
0.00498
0.00546
0.00528
0.00516
0.00522
0.00534
0.00516
0.00522
0.00552
0.00576
0.00558
0.00504
0.00504
0.00546
0.00534
0.00474
0.00468
0.00486
0.00492
0.00492
0.00498
0.00534
0.0057
0.00546
0.0051
0.00534
0.0057
0.00576
0.00558
0.00522
0.00504
0.0051
0.0051
0.00516
0.00522
0.00516
0.00516
0.00522
0.0051
0.0051
0.0057
0.00612
0.00588
0.0057
0.00546
0.00522
0.00546
0.00546
0.00522
0.00504
0.0048
0.0045
0.00456
0.00498
0.00522
0.00522
0.00528
0.00552
0.0057
0.00558
0.00558
0.00546
0.00534
0.0054
0.0051
0.00498
0.00516
0.00504
0.0048
0.00474
0.0048
0.00504
0.00534
0.00552
0.00582
0.006
0.00576
0.00558
0.00564
0.00552
0.00534
0.00522
0.00516
0.0051
0.00486
0.00438
0.00462
0.0051
0.00504
0.00498
0.0051
0.00528
0.0054
0.0054
0.00552
0.0057
0.00552
0.00534
0.0054
0.00534
0.00522
0.00528
0.00522
0.00504
0.00492
0.0048
0.0051
0.00546
0.00546
0.00546
0.00552
0.00552
0.00552
0.00552
0.0057
0.00564
0.0051
0.00486
0.00486
0.00486
0.00498
0.0051
0.00504
0.0051
0.00516
0.00522
0.00558
0.00594
0.00594
0.00588
0.00564
0.0054
0.00534
0.00558
0.00576
0.00558
0.00522
0.0051
0.00528
0.00534
0.00516
0.00528
0.00558
0.00558
0.0054
0.00546
0.0057
0.00576
0.00564
0.00552
0.00534
0.0051
0.00486
0.00492
0.00528
0.0054
0.00522
0.00522
0.00534
0.0054
0.00564
0.00576
0.00582
0.00594
0.00582
0.00576
0.00594
0.00576
0.0054
0.00546
0.00522
0.00498
0.00498
0.00498
0.00516
0.00546
0.00528
0.0051
0.0054
0.00552
0.00564
0.00594
0.00594
0.00564
0.00552
0.00546
0.0054
0.00534
0.00516
0.0051
0.00516
0.00504
0.00492
0.00522
0.00552
0.0057
0.00582
0.00588
0.00582
0.00564
0.0057
0.00582
0.00558
0.00546
0.00528
0.00504
0.00498
0.00504
0.0051
0.00522
0.0054
0.00558
0.00582
0.00624
0.00624
0.00612
0.006
0.00564
0.00552
0.0057
0.00546
0.00534
0.0054
0.00504
0.00474
0.0051
0.00534
0.00516
0.0054
0.00552
0.0054
0.00558
0.00558
0.00564
0.00618
0.00618
0.0057
0.0057
0.00558
0.00516
0.00516
0.00528
0.0051
0.00516
0.00516
0.0051
0.00552
0.0057
0.00558
0.00558
0.00558
0.00546
0.00552
0.00564
0.00564
0.00558
0.00522
0.00498
0.00516
0.0051
0.00492
0.00528
0.00546
0.00522
0.00534
0.00552
0.00558
0.00564
0.00576
0.00594
0.00576
0.0054
0.00534
0.00546
0.00546
0.00534
0.0051
0.0051
0.00516
0.00516
0.0054
0.0057
0.00564
0.00558
0.00558
0.00564
0.0057
0.0057
0.00546
0.0054
0.00534
0.00492
0.00468
0.00492
0.0054
0.00546
0.00516
0.00504
0.00516
0.00552
0.0057
0.00576
0.00588
0.00576
0.0054
0.00546
0.00576
0.00552
0.00528
0.00534
0.00516
0.00516
0.00516
0.00516
0.0057
0.00588
0.00546
0.00558
0.00576
0.00564
0.00576
0.00588
0.00576
0.00564
0.00534
0.00498
0.00516
0.00546
0.00534
0.00528
0.00528
0.00522
0.0054
0.00564
0.00582
0.00588
0.00576
0.00546
0.00552
0.00558
0.00546
0.00558
0.00576
0.00534
0.00492
0.0051
0.00522
0.0051
0.00522
0.0054
0.0054
0.00558
0.00576
0.0057
0.00582
0.00582
0.00552
0.0054
0.0054
0.00522
0.00522
0.00546
0.00528
0.00498
0.00486
0.00504
0.00528
0.00534
0.0054
0.00564
0.00564
0.00552
0.00552
0.00552
0.00546
0.0054
0.00522
0.00498
0.00504
0.00528
0.00522
0.0051
0.00522
0.00516
0.00504
0.00528
0.00564
0.00564
0.00576
0.0057
0.00534
0.00516
0.0051
0.00504
0.00534
0.0054
0.00486
0.00456
0.0048
0.00492
0.00492
0.00522
0.00522
0.00498
0.00498
0.00516
0.00534
0.00522
0.00516
0.00522
0.00522
0.00498
0.00486
0.00504
0.0051
0.0051
0.00498
0.00492
0.00474
0.00492
0.00522
0.00552
0.0057
0.00552
0.0054
0.00558
0.00576
0.00564
0.00552
0.00522
0.00492
0.00492
0.00492
0.00492
0.00534
0.00552
0.00534
0.0054
0.00558
0.00552
0.00558
0.00552
0.00522
0.00522
0.00522
0.0051
0.00528
0.00534
0.00504
0.00498
0.00498
0.00486
0.00504
0.00528
0.00546
0.00552
0.00564
0.00564
0.00558
0.00576
0.0057
0.00546
0.00546
0.00516
0.00462
0.0048
0.0051
0.00498
0.00504
0.00534
0.00522
0.0051
0.00528
0.00558
0.00594
0.00594
0.0057
0.00558
0.0054
0.00516
0.00534
0.0054
0.00516
0.0048
0.00468
0.00492
0.0051
0.00516
0.0054
0.00552
0.0054
0.0054
0.00558
0.00582
0.00582
0.00576
0.00546
0.00516
0.0051
0.00516
0.00528
0.00522
0.00522
0.00522
0.00498
0.00516
0.00558
0.00546
0.00546
0.00576
0.00552
0.00528
0.00558
0.00552
0.0054
0.00534
0.0051
0.00486
0.00492
0.00492
0.00498
0.0054
0.00528
0.00492
0.00516
0.00546
0.00552
0.00564
0.0057
0.00558
0.00558
0.00534
0.0051
0.0054
0.00564
0.0054
0.0051
0.00528
0.00528
0.00528
0.0054
0.00552
0.00594
0.00594
0.0054
0.00558
0.00612
0.00594
0.00576
0.0057
0.00528
0.0051
0.0051
0.0051
0.00546
0.00552
0.0051
0.00516
0.00558
0.00564
0.00576
0.00588
0.0057
0.00564
0.00558
0.0054
0.00546
0.00552
0.0054
0.00528
0.00522
0.00516
0.00528
0.00552
0.00576
0.00576
0.0057
0.00588
0.006
0.00588
0.00588
0.00606
0.00612
0.00588
0.00558
0.00546
0.00546
0.00528
0.00504
0.00516
0.0054
0.00546
0.00546
0.00552
0.00582
0.00594
0.0057
0.00552
0.00558
0.0057
0.0057
0.00588
0.00582
0.00534
0.00552
0.00582
0.00564
0.00588
0.00594
0.00558
0.00564
0.00576
0.00546
0.00594
0.00654
0.00612
0.0057
0.0057
0.0054
0.00516
0.0054
0.00528
0.00504
0.0051
0.00498
0.00504
0.00546
0.0054
0.00522
0.00552
0.00552
0.00552
0.00582
0.00582
0.00576
0.0057
0.0054
0.00546
0.00552
0.00516
0.00522
0.00552
0.00522
0.00498
0.00522
0.0054
0.00558
0.00576
0.00582
0.00576
0.00552
0.00528
0.00534
0.00552
0.00552
0.00528
0.00498
0.00492
0.00504
0.00516
0.00528
0.00534
0.00558
0.00564
0.0054
0.00558
0.00582
0.00564
0.00558
0.0057
0.0054
0.00522
0.00522
0.00522
0.00528
0.00522
0.00504
0.0051
0.00522
0.00504
0.00522
0.00558
0.00558
0.00534
0.00522
0.0054
0.00552
0.00522
0.00516
0.00528
0.00516
0.00498
0.00522
0.00564
0.00576
0.00564
0.00528
0.00504
0.00504
0.0051
0.00534
0.00558
0.00552
0.00528
0.00516
0.00534
0.00522
0.00492
0.0048
0.00492
0.00456
0.00432
0.00456
0.00474
0.00498
0.00528
0.00528
0.0054
0.0057
0.00588
0.00594
0.00588
0.0057
0.00534
0.00516
0.0054
0.00552
0.00546
0.00558
0.00552
0.00546
0.00558
0.00546
0.00552
0.00582
0.00564
0.00552
0.00576
0.00558
0.00552
0.00558
0.00552
0.00552
0.00522
0.00486
0.0051
0.00558
0.00534
0.00516
0.00546
0.0054
0.00528
0.00558
0.00588
0.00594
0.00582
0.00552
0.00552
0.00576
0.00558
0.0054
0.00558
0.00564
0.00528
0.00534
0.00588
0.00624
0.00606
0.0057
0.00564
0.00564
0.00534
0.00516
0.00528
0.00516
0.00486
0.0048
0.00492
0.00498
0.00516
0.00528
0.00534
0.00534
0.00534
0.00522
0.00546
0.00588
0.00594
0.006
0.00588
0.00552
0.00528
0.0051
0.0051
0.00528
0.00528
0.00522
0.0054
0.00528
0.00522
0.0054
0.00534
0.00522
0.0054
0.00558
0.00576
0.00582
0.00552
0.00552
0.00582
0.00576
0.00546
0.00546
0.00564
0.0057
0.00546
0.00522
0.00528
0.00546
0.00552
0.00564
0.00588
0.00588
0.0057
0.00546
0.00534
0.00546
0.0054
0.0051
0.00522
0.0054
0.0051
0.00522
0.00564
0.006
0.00606
0.00582
0.00558
0.00582
0.00588
0.00558
0.00552
0.00534
0.00498
0.00504
0.00522
0.0051
0.00516
0.00516
0.00492
0.00504
0.00534
0.0054
0.00582
0.00612
0.0057
0.0054
0.00552
0.00516
0.00516
0.00552
0.0054
0.0054
0.00552
0.0051
0.00504
0.0054
0.00528
0.00552
0.00588
0.00558
0.00558
0.00576
0.00582
0.00612
0.00606
0.00564
0.00552
0.00528
0.00528
0.00558
0.0054
0.00516
0.00504
0.00486
0.00504
0.00546
0.00564
0.00558
0.00564
0.0057
0.00582
0.00588
0.00576
0.00588
0.00582
0.0054
0.00528
0.00528
0.00504
0.0051
0.00534
0.0051
0.00492
0.00522
0.0054
0.0054
0.00558
0.0057
0.00576
0.00558
0.00522
0.00528
0.00576
0.00576
0.00534
0.00498
0.0048
0.00486
0.00504
0.00516
0.00528
0.00534
0.00528
0.00552
0.00588
0.00594
0.00588
0.0057
0.00528
0.0051
0.00522
0.00498
0.00504
0.00546
0.00528
0.0051
0.00528
0.0051
0.00498
0.0054
0.00558
0.00558
0.0057
0.00558
0.00552
0.00564
0.00546
0.0054
0.00534
0.0048
0.00468
0.0051
0.00528
0.00522
0.00534
0.00546
0.00552
0.00558
0.00564
0.0057
0.00582
0.0057
0.00534
0.00516
0.00522
0.00522
0.00534
0.00564
0.00546
0.00504
0.00474
0.00486
0.00534
0.0057
0.0057
0.00558
0.00564
0.00564
0.00558
0.00564
0.0057
0.00546
0.00516
0.00504
0.0051
0.00516
0.0051
0.00516
0.00534
0.00534
0.00534
0.00558
0.00594
0.00588
0.0057
0.00552
0.00546
0.00552
0.00552
0.00522
0.00522
0.00522
0.00492
0.00486
0.00516
0.00534
0.00528
0.00534
0.0054
0.00528
0.00534
0.00516
0.00528
0.0057
0.0057
0.00552
0.00558
0.00546
0.00534
0.00546
0.00516
0.00486
0.00492
0.0051
0.00528
0.00546
0.0054
0.00534
0.00528
0.00522
0.00534
0.00552
0.00546
0.0054
0.0054
0.00528
0.00522
0.00516
0.00516
0.00516
0.00546
0.0057
0.00534
0.00498
0.00552
0.00582
0.00576
0.00594
0.00564
0.0051
0.00504
0.0051
0.00528
0.00564
0.00546
0.00516
0.00516
0.0051
0.00516
0.00546
0.0054
0.00534
0.00534
0.00516
0.00528
0.00582
0.00594
0.00564
0.00546
0.00522
0.00504
0.0051
0.00528
0.00528
0.00522
0.00516
0.00522
0.00546
0.00576
0.00588
0.00606
0.00588
0.0054
0.00534
0.00552
0.00534
0.00504
0.00504
0.00492
0.00504
0.00522
0.00528
0.00546
0.00564
0.00546
0.0054
0.00558
0.00552
0.0054
0.00546
0.0054
0.00546
0.0054
0.00516
0.0051
0.00504
0.00498
0.00492
0.00498
0.00516
0.00534
0.0054
0.00552
0.00552
0.0054
0.00546
0.00558
0.00564
0.0057
0.00558
0.00522
0.0051
0.00516
0.00516
0.00534
0.0054
0.00516
0.00516
0.00522
0.0051
0.00522
0.00552
0.00576
0.00606
0.00576
0.00522
0.00546
0.00546
0.0051
0.00528
0.00534
0.00498
0.00486
0.00498
0.0051
0.00558
0.0057
0.00546
0.00558
0.00552
0.0051
0.00528
0.0057
0.00558
0.00552
0.00552
0.0051
0.00492
0.00498
0.00492
0.00528
0.00552
0.00504
0.00516
0.00588
0.00588
0.00582
0.00606
0.00594
0.00576
0.00552
0.00504
0.00516
0.00534
0.00504
0.00492
0.00498
0.00492
0.0051
0.00534
0.00528
0.00534
0.00546
0.00546
0.00588
0.00642
0.00624
0.006
0.00588
0.00546
0.00522
0.00528
0.00534
0.00528
0.00522
0.0051
0.0051
0.0051
0.0051
0.00552
0.00576
0.00558
0.0054
0.00564
0.00612
0.00594
0.00534
0.00522
0.00516
0.00462
0.0045
0.00486
0.00528
0.00576
0.00588
0.0057
0.00564
0.0057
0.00552
0.00546
0.00558
0.0054
0.00498
0.00474
0.00474
0.0048
0.00498
0.0051
0.0054
0.00558
0.00534
0.00534
0.00576
0.00588
0.00594
0.00606
0.00588
0.00582
0.00594
0.00576
0.00546
0.0051
0.00468
0.00468
0.0051
0.00522
0.00516
0.00534
0.0054
0.0051
0.0051
0.00546
0.00588
0.00612
0.006
0.0057
0.00558
0.00552
0.00552
0.00558
0.00534
0.00492
0.00486
0.00504
0.00528
0.00552
0.00552
0.00558
0.0057
0.00558
0.0054
0.00552
0.00582
0.006
0.0057
0.00516
0.00516
0.0054
0.00546
0.00522
0.00504
0.00498
0.00492
0.0048
0.0051
0.00552
0.00582
0.00582
0.00552
0.00528
0.00558
0.0057
0.00576
0.00594
0.00552
0.00516
0.00534
0.00528
0.00522
0.00546
0.00552
0.00534
0.00522
0.00522
0.00546
0.00558
0.00552
0.00552
0.00534
0.00498
0.00486
0.00504
0.0054
0.00546
0.00516
0.00498
0.00522
0.0057
0.006
0.00594
0.00576
0.00576
0.00552
0.00522
0.00516
0.00498
0.00462
0.0048
0.00474
0.00438
0.00462
0.00504
0.00486
0.00456
0.00492
0.00582
0.00642
0.00624
0.00624
0.00702
0.00672
0.00468
0.00366
0.00444
0.0048
0.00564
0.00714
0.00714
0.00612
0.00528
0.00426
0.00372
0.00474
0.00576
0.00654
0.00768
0.0078
0.00684
0.00588
0.00486
0.00432
0.00462
0.0048
0.00528
0.0066
0.0072
0.00666
0.00612
0.00492
0.0036
0.00384
0.00432
0.00456
0.00522
0.00618
0.0069
0.00696
0.0063
0.00516
0.00402
0.00396
0.00438
0.0045
0.00516
0.00666
0.00756
0.0072
0.00666
0.006
0.00474
0.00444
0.00516
0.0054
0.00558
0.00642
0.00714
0.00702
0.00624
0.0054
0.00426
0.00348
0.00366
0.00408
0.0048
0.00582
0.00678
0.0072
0.00696
0.00612
0.00486
0.00414
0.00468
0.00534
0.00588
0.00642
0.00678
0.00708
0.0069
0.0063
0.00498
0.00384
0.00396
0.00408
0.00456
0.00612
0.00666
0.00678
0.00738
0.00678
0.00546
0.00408
0.00342
0.00432
0.00492
0.00528
0.00636
0.00666
0.00666
0.0069
0.00594
0.00438
0.00384
0.00396
0.0042
0.00516
0.0066
0.00702
0.00708
0.0072
0.00624
0.00456
0.0039
0.0042
0.00456
0.00498
0.00612
0.00714
0.00708
0.00726
0.00738
0.00582
0.00408
0.00384
0.00402
0.0042
0.00546
0.00648
0.00624
0.00624
0.0063
0.00492
0.0036
0.00396
0.00432
0.00438
0.00558
0.00708
0.00726
0.00726
0.00756
0.00648
0.0045
0.00378
0.00408
0.00444
0.00522
0.00654
0.00696
0.00636
0.00642
0.00594
0.00408
0.00342
0.00396
0.00402
0.00444
0.00594
0.00714
0.0069
0.0066
0.0066
0.00522
0.0033
0.00342
0.00426
0.00456
0.00546
0.00684
0.00678
0.00594
0.00546
0.00534
0.00504
0.00432
0.00408
0.0045
0.00522
0.0063
0.00702
0.00684
0.00624
0.00504
0.00384
0.00378
0.0042
0.0045
0.0048
0.00534
0.00618
0.00672
0.00672
0.0066
0.00606
0.0051
0.00444
0.0042
0.00426
0.00468
0.0051
0.00552
0.00582
0.0057
0.00552
0.00546
0.00546
0.00516
0.00474
0.00468
0.00474
0.00492
0.00516
0.00534
0.00552
0.00558
0.0054
0.00522
0.00516
0.00492
0.00498
0.0054
0.00564
0.0054
0.00498
0.00498
0.00558
0.006
0.00582
0.00546
0.00516
0.00516
0.00546
0.00552
0.00522
0.00498
0.00492
0.0051
0.00534
0.00522
0.00516
0.00546
0.0057
0.00546
0.0051
0.00516
0.00528
0.00522
0.00534
0.00546
0.0057
0.00552
0.00486
0.00516
0.0063
0.00576
0.0045
0.00474
0.00492
0.00546
0.00702
0.00762
0.00642
0.00474
0.0042
0.00426
0.0045
0.00558
0.0069
0.00726
0.00588
0.0045
0.00426
0.0042
0.00438
0.00522
0.00648
0.00726
0.00642
0.00528
0.00516
0.00516
0.00486
0.0051
0.00564
0.00612
0.0057
0.0045
0.00426
0.00456
0.00438
0.00468
0.00588
0.00678
0.00654
0.0057
0.00498
0.00474
0.00474
0.00492
0.00582
0.00714
0.00684
0.00528
0.00456
0.00456
0.00432
0.0045
0.00534
0.00636
0.00678
0.0057
0.00462
0.00492
0.00498
0.00468
0.00534
0.00642
0.00678
0.00612
0.00486
0.0045
0.0048
0.00432
0.0042
0.00552
0.0069
0.00684
0.00558
0.00462
0.00456
0.00474
0.00468
0.00522
0.0069
0.00768
0.00612
0.00438
0.0042
0.00444
0.00438
0.00462
0.00558
0.00684
0.00702
0.006
0.0048
0.00456
0.00492
0.00486
0.00474
0.00576
0.0072
0.0072
0.00576
0.00432
0.00378
0.0042
0.00456
0.00468
0.00582
0.00738
0.00744
0.00594
0.00432
0.00396
0.0048
0.00498
0.00474
0.00588
0.00714
0.0069
0.0057
0.0045
0.00402
0.00426
0.00438
0.00438
0.00546
0.0072
0.00762
0.00642
0.0048
0.00408
0.00456
0.00498
0.00492
0.00558
0.00684
0.0072
0.00618
0.00438
0.00336
0.00402
0.00498
0.00498
0.00516
0.00648
0.00744
0.00696
0.00546
0.00432
0.00456
0.00504
0.00468
0.00498
0.00648
0.00732
0.00672
0.00534
0.0039
0.00378
0.0045
0.0048
0.00522
0.00636
0.00732
0.00708
0.00576
0.00456
0.00468
0.0051
0.00504
0.0051
0.00558
0.00648
0.00714
0.00618
0.0042
0.00354
0.00408
0.00456
0.00552
0.0069
0.00744
0.0069
0.00606
0.00522
0.00432
0.00408
0.00444
0.00492
0.0057
0.0063
0.00612
0.00552
0.00498
0.00444
0.00444
0.00462
0.00456
0.00486
0.00552
0.00576
0.006
0.00606
0.00576
0.00534
0.00504
0.00498
0.0051
0.00528
0.00546
0.00522
0.00498
0.00528
0.00564
0.0057
0.0057
0.00558
0.00552
0.00528
0.00504
0.00534
0.00588
0.00576
0.0054
0.00546
0.00546
0.00534
0.00546
0.00552
0.00522
0.00516
0.00546
0.00582
0.006
0.00582
0.00546
0.00546
0.00558
0.00552
0.00546
0.0054
0.00552
0.00564
0.00534
0.00504
0.0051
0.00534
0.0057
0.00564
0.0054
0.0057
0.0057
0.00546
0.00552
0.00504
0.00492
0.006
0.00666
0.006
0.00474
0.00468
0.00528
0.00498
0.00552
0.00684
0.00666
0.00546
0.00504
0.0051
0.00468
0.00504
0.00648
0.00732
0.00672
0.00534
0.00468
0.00456
0.0042
0.00468
0.00618
0.0069
0.00624
0.00522
0.00462
0.0048
0.00522
0.00552
0.00612
0.00684
0.0063
0.00486
0.0042
0.00456
0.00498
0.00528
0.00576
0.00624
0.00594
0.00504
0.00462
0.00516
0.00552
0.00552
0.00558
0.00594
0.00582
0.00504
0.0045
0.00474
0.0051
0.0051
0.00504
0.00552
0.00594
0.00546
0.00462
0.0048
0.00522
0.00498
0.00546
0.00678
0.00636
0.00486
0.00516
0.0054
0.00408
0.00444
0.00606
0.00648
0.00576
0.00516
0.00486
0.00456
0.00504
0.006
0.00684
0.00678
0.00624
0.00594
0.00468
0.00432
0.00606
0.00708
0.00654
0.00546
0.00534
0.00564
0.00498
0.00462
0.0054
0.00648
0.00612
0.00522
0.00546
0.00504
0.00456
0.0057
0.00654
0.00624
0.00546
0.00522
0.0051
0.0045
0.0045
0.00528
0.00618
0.00606
0.00528
0.00522
0.00498
0.00456
0.00498
0.00612
0.00696
0.00648
0.00594
0.0057
0.0051
0.00498
0.00534
0.00618
0.0066
0.00576
0.00504
0.00462
0.00396
0.00444
0.0054
0.00594
0.0057
0.00462
0.00438
0.00444
0.0042
0.00474
0.00582
0.00642
0.00588
0.00492
0.00498
0.0051
0.0048
0.00528
0.00606
0.0066
0.00606
0.0048
0.0048
0.00498
0.00444
0.00492
0.00612
0.00678
0.0063
0.00492
0.00456
0.00522
0.0048
0.00468
0.00624
0.0075
0.0069
0.00504
0.00432
0.00498
0.00498
0.0048
0.00612
0.0072
0.00672
0.0051
0.0039
0.00444
0.00498
0.00474
0.00552
0.00726
0.00768
0.00612
0.00462
0.00498
0.00552
0.00522
0.00534
0.00654
0.00738
0.00654
0.00468
0.00414
0.00462
0.00426
0.00414
0.00564
0.00714
0.00678
0.00516
0.0045
0.0048
0.00462
0.00462
0.006
0.0075
0.00666
0.00468
0.0045
0.0048
0.0042
0.00456
0.00612
0.00702
0.006
0.0045
0.00444
0.00462
0.00444
0.00546
0.00696
0.00696
0.00528
0.00456
0.0048
0.0045
0.00462
0.00618
0.00726
0.00636
0.00504
0.00474
0.00468
0.00468
0.00546
0.00678
0.00726
0.00606
0.0051
0.00498
0.00438
0.0045
0.00606
0.00696
0.00606
0.0048
0.0045
0.00408
0.00402
0.00546
0.00714
0.00714
0.0054
0.00438
0.00474
0.00456
0.00486
0.0066
0.00738
0.00636
0.00474
0.00372
0.00402
0.00474
0.00528
0.00576
0.00576
0.00552
0.00528
0.00474
0.00462
0.00528
0.0057
0.00558
0.00534
0.00534
0.0054
0.00516
0.00486
0.0051
0.00522
0.00504
0.00522
0.0054
0.00534
0.00558
0.00546
0.00504
0.00516
0.00534
0.00516
0.0054
0.00576
0.00552
0.00522
0.00528
0.00516
0.0051
0.00528
0.0051
0.00504
0.00522
0.00516
0.0054
0.00582
0.00576
0.00546
0.00546
0.0054
0.00534
0.00564
0.00582
0.00576
0.0057
0.00534
0.00504
0.00534
0.0057
0.00576
0.00582
0.00588
0.00546
0.0054
0.00546
0.00552
0.00582
0.00558
0.00522
0.0054
0.00516
0.00498
0.00576
0.00564
0.00522
0.00594
0.00576
0.00516
0.00534
0.00498
0.00522
0.00564
0.00534
0.00624
0.0072
0.00618
0.00516
0.00432
0.00384
0.00444
0.00522
0.00624
0.00618
0.00558
0.00666
0.00654
0.00492
0.0048
0.00492
0.00474
0.00534
0.00618
0.00696
0.00666
0.00558
0.006
0.00648
0.00504
0.0039
0.00396
0.00432
0.00492
0.00594
0.00672
0.00708
0.00696
0.00624
0.0057
0.0054
0.00504
0.00444
0.00408
0.00432
0.00486
0.00564
0.00654
0.00648
0.00558
0.00528
0.00546
0.00534
0.00552
0.00594
0.00612
0.00618
0.006
0.00582
0.00624
0.00636
0.00576
0.00516
0.00474
0.00426
0.0042
0.0042
0.00414
0.00444
0.00462
0.00468
0.00522
0.00546
0.00534
0.00552
0.00576
0.0057
0.00552
0.00564
0.00582
0.00576
0.00546
0.00534
0.00534
0.00522
0.00504
0.00498
0.00522
0.00534
0.00516
0.00498
0.00486
0.0048
0.00504
0.00522
0.00534
0.00534
0.00522
0.00498
0.00516
0.00576
0.00588
0.00558
0.00528
0.00504
0.00504
0.0054
0.006
0.00612
0.00576
0.00546
0.00558
0.00582
0.00582
0.00588
0.006
0.00594
0.00582
0.0054
0.00486
0.00516
0.0054
0.00486
0.00468
0.00486
0.00564
0.00696
0.00726
0.0066
0.0066
0.00642
0.00516
0.00372
0.00366
0.00462
0.00516
0.0057
0.006
0.0063
0.00738
0.0075
0.00588
0.00444
0.00426
0.00468
0.00522
0.00606
0.0066
0.00708
0.00732
0.00624
0.00462
0.0036
0.00372
0.00432
0.00438
0.00426
0.00504
0.0066
0.00726
0.00618
0.00468
0.00432
0.00474
0.0051
0.0051
0.00576
0.00726
0.00774
0.00618
0.00444
0.00426
0.0048
0.00498
0.00528
0.00642
0.00738
0.00672
0.00492
0.0042
0.00474
0.00468
0.0045
0.00564
0.00678
0.0069
0.00576
0.00432
0.00438
0.0048
0.00456
0.00534
0.00696
0.00726
0.006
0.00456
0.00414
0.00426
0.00408
0.0048
0.00648
0.0072
0.00588
0.00414
0.00366
0.00408
0.00438
0.00522
0.00666
0.00738
0.00678
0.0054
0.00426
0.00462
0.00534
0.00582
0.00642
0.00672
0.00642
0.00576
0.00462
0.00384
0.0042
0.00516
0.00588
0.00612
0.00588
0.00552
0.00516
0.0048
0.00468
0.00486
0.00516
0.00558
0.00582
0.00576
0.00552
0.00498
0.00492
0.00528
0.00534
0.00528
0.0054
0.0054
0.0054
0.0057
0.00576
0.0057
0.00588
0.00558
0.00534
0.00546
0.00546
0.00528
0.00528
0.0054
0.00546
0.00546
0.00516
0.00516
0.00552
0.00552
0.00546
0.00546
0.00528
0.0054
0.00564
0.00558
0.0054
0.00522
0.00516
0.00534
0.00528
0.00498
0.0051
0.00552
0.0054
0.00516
0.00534
0.00546
0.00558
0.00594
0.00606
0.0057
0.0054
0.00522
0.00516
0.00558
0.00558
0.00504
0.00498
0.0051
0.0051
0.00546
0.00546
0.00504
0.00528
0.0054
0.00492
0.00516
0.00546
0.00504
0.00534
0.00612
0.0057
0.00456
0.0039
0.0045
0.0051
0.00474
0.00552
0.0069
0.00606
0.00462
0.00444
0.00474
0.00504
0.00498
0.00558
0.0072
0.0075
0.00594
0.00492
0.00462
0.00462
0.00468
0.00474
0.00618
0.00762
0.0066
0.0048
0.00432
0.00462
0.00492
0.00492
0.00534
0.00666
0.00726
0.00588
0.00444
0.00432
0.00462
0.00486
0.0051
0.00558
0.00618
0.00648
0.006
0.0048
0.00426
0.00468
0.00528
0.00552
0.00552
0.00552
0.00582
0.00558
0.00456
0.00402
0.00462
0.0051
0.00546
0.0057
0.0057
0.00582
0.00576
0.00534
0.00516
0.00528
0.00528
0.00558
0.00582
0.00558
0.00552
0.00564
0.00534
0.00474
0.00432
0.0045
0.00522
0.00564
0.00558
0.00552
0.00546
0.00534
0.00528
0.00534
0.00546
0.0054
0.0054
0.00534
0.00534
0.0054
0.00552
0.00558
0.0054
0.00522
0.00522
0.00522
0.00546
0.0054
0.00528
0.00534
0.00534
0.00528
0.00516
0.0051
0.0057
0.00642
0.00582
0.00498
0.0051
0.00492
0.00504
0.00648
0.00702
0.00588
0.00498
0.0051
0.00504
0.00486
0.00594
0.00696
0.00648
0.00552
0.00516
0.00474
0.00468
0.00564
0.00618
0.00612
0.0063
0.00612
0.00486
0.00438
0.00546
0.00618
0.00594
0.00594
0.00576
0.00444
0.0042
0.00552
0.00588
0.00552
0.0057
0.00564
0.00468
0.00462
0.0054
0.00588
0.00606
0.00606
0.00564
0.00474
0.00474
0.00552
0.00594
0.00582
0.00576
0.00546
0.00462
0.00432
0.00516
0.00594
0.006
0.006
0.00552
0.00462
0.00462
0.00558
0.00606
0.00618
0.0063
0.00552
0.00444
0.00468
0.0054
0.00582
0.00612
0.0057
0.00444
0.00396
0.00474
0.00552
0.006
0.00642
0.00618
0.0051
0.00444
0.0051
0.00606
0.00636
0.00642
0.00582
0.00438
0.00408
0.00504
0.00582
0.00636
0.0063
0.00498
0.0042
0.0048
0.0057
0.00612
0.00618
0.00618
0.00546
0.00438
0.00468
0.00582
0.00636
0.0063
0.00576
0.00444
0.00408
0.00504
0.00594
0.0063
0.00612
0.0054
0.00462
0.00468
0.00564
0.00636
0.006
0.00534
0.00522
0.00486
0.0045
0.00528
0.0063
0.00642
0.00546
0.00492
0.00498
0.00474
0.00444
0.0051
0.00624
0.00666
0.00558
0.00426
0.00426
0.00492
0.00516
0.00522
0.0051
0.00528
0.006
0.00582
0.00462
0.00432
0.0048
0.00516
0.00558
0.00576
0.00552
0.00546
0.00546
0.0054
0.00534
0.00498
0.00426
0.00432
0.00498
0.00558
0.00594
0.00582
0.00564
0.00552
0.00522
0.0051
0.00528
0.00552
0.00558
0.00546
0.0051
0.00474
0.00486
0.00528
0.00546
0.00534
0.00516
0.00516
0.00528
0.00516
0.00486
0.00492
0.00516
0.00534
0.00546
0.0057
0.00588
0.006
0.00582
0.00552
0.00546
0.00558
0.00552
0.0054
0.00522
0.00492
0.00498
0.0051
0.00516
0.00552
0.0057
0.00558
0.00564
0.00582
0.00558
0.00534
0.00534
0.00522
0.00498
0.00468
0.0048
0.00534
0.0054
0.0054
0.00552
0.00546
0.00534
0.00534
0.0054
0.00576
0.00588
0.00534
0.00522
0.0054
0.00516
0.00516
0.00534
0.00528
0.00528
0.00504
0.00486
0.00522
0.0054
0.00522
0.00534
0.00546
0.00528
0.00522
0.00528
0.00534
0.0054
0.00534
0.00516
0.0051
0.00534
0.00558
0.00558
0.00546
0.00516
0.00492
0.00516
0.00546
0.0054
0.00534
0.00558
0.00564
0.00558
0.00552
0.00582
0.00624
0.006
0.0057
0.0054
0.00504
0.00498
0.00468
0.0048
0.00618
0.0069
0.00582
0.00474
0.00492
0.00516
0.00564
0.006
0.00588
0.00636
0.00696
0.00648
0.00522
0.00426
0.00414
0.00456
0.00516
0.0063
0.00726
0.00702
0.00684
0.00702
0.006
0.00498
0.0048
0.00462
0.00468
0.00516
0.00558
0.00612
0.00576
0.00492
0.0057
0.00618
0.00546
0.00504
0.00456
0.00444
0.00528
0.00612
0.00684
0.00666
0.00528
0.00516
0.00606
0.00582
0.00528
0.00468
0.00426
0.00462
0.00546
0.00654
0.00738
0.00648
0.00534
0.00588
0.00624
0.00558
0.0048
0.00438
0.00444
0.00468
0.00516
0.00642
0.00684
0.0057
0.00564
0.00624
0.00552
0.0048
0.00468
0.0048
0.0054
0.00606
0.0066
0.00726
0.00666
0.00558
0.00576
0.00594
0.00504
0.00414
0.00372
0.0039
0.00474
0.00552
0.0063
0.00648
0.00588
0.00558
0.00612
0.00636
0.0057
0.00504
0.00492
0.0051
0.0057
0.00666
0.0069
0.00612
0.00576
0.00564
0.0051
0.00444
0.00354
0.0033
0.00402
0.00462
0.00546
0.00624
0.00582
0.0054
0.00636
0.00654
0.00522
0.00432
0.00432
0.00462
0.0054
0.00636
0.00666
0.00618
0.00588
0.00636
0.00642
0.00522
0.00426
0.00426
0.00432
0.00462
0.0057
0.00612
0.00606
0.00654
0.00666
0.0057
0.00438
0.0039
0.00432
0.00504
0.00582
0.00594
0.00564
0.00642
0.00744
0.00678
0.00498
0.0042
0.00426
0.00456
0.00516
0.00546
0.00576
0.00672
0.00732
0.0066
0.0054
0.00468
0.0048
0.00552
0.00546
0.00492
0.00558
0.00696
0.00726
0.00588
0.0042
0.0036
0.00396
0.00414
0.00402
0.00492
0.00666
0.00738
0.0066
0.00504
0.00378
0.00396
0.00498
0.00528
0.00522
0.00612
0.00726
0.00708
0.0054
0.0039
0.0042
0.00474
0.00426
0.00468
0.00642
0.0072
0.00624
0.00462
0.00402
0.00468
0.0048
0.00498
0.00648
0.00774
0.00666
0.00456
0.00378
0.00426
0.00474
0.00486
0.00588
0.00714
0.00624
0.00414
0.00372
0.00438
0.00456
0.00504
0.00654
0.00738
0.00624
0.00498
0.00504
0.00534
0.00504
0.00552
0.00702
0.00756
0.00624
0.00486
0.00456
0.00432
0.00408
0.00486
0.0063
0.00636
0.00492
0.0042
0.00414
0.00408
0.00492
0.00624
0.0072
0.00672
0.00534
0.00498
0.00492
0.00444
0.00516
0.0066
0.0072
0.006
0.00426
0.00432
0.00444
0.00402
0.00504
0.00642
0.00696
0.00606
0.00426
0.0045
0.00552
0.00498
0.00534
0.00678
0.00732
0.00684
0.00552
0.00456
0.00492
0.00468
0.0039
0.00474
0.00624
0.0066
0.0057
0.0042
0.00396
0.00468
0.00474
0.00498
0.00654
0.00774
0.00756
0.00606
0.00462
0.0048
0.0057
0.00546
0.00534
0.00642
0.00696
0.00618
0.0048
0.00402
0.00402
0.00444
0.00444
0.00426
0.00516
0.0066
0.00702
0.00588
0.00462
0.0045
0.00492
0.00516
0.0051
0.00522
0.00654
0.0072
0.00612
0.00462
0.00396
0.00426
0.0051
0.00564
0.00516
0.0051
0.00648
0.0072
0.00642
0.00504
0.0042
0.0042
0.00456
0.0051
0.0054
0.00522
0.00606
0.00702
0.0063
0.00456
0.00372
0.00432
0.00522
0.00552
0.00558
0.00558
0.00582
0.00666
0.00654
0.0051
0.00414
0.00402
0.0042
0.00504
0.00612
0.00624
0.00558
0.00576
0.00648
0.00606
0.00468
0.00426
0.00498
0.00552
0.00558
0.00606
0.00636
0.00558
0.00552
0.0063
0.00558
0.00414
0.0039
0.0042
0.0045
0.00504
0.00588
0.00606
0.00522
0.00546
0.00612
0.00546
0.00492
0.00462
0.00426
0.0048
0.00546
0.00612
0.00612
0.00564
0.0063
0.00642
0.00516
0.00474
0.00462
0.0045
0.00504
0.00594
0.0063
0.0057
0.0057
0.00642
0.00624
0.00552
0.00462
0.00402
0.00444
0.00486
0.0057
0.00648
0.00582
0.00564
0.0063
0.00618
0.00546
0.00456
0.00426
0.00468
0.00528
0.00582
0.00576
0.00606
0.00684
0.0066
0.00588
0.00486
0.0042
0.00474
0.00516
0.0057
0.006
0.00558
0.00606
0.00678
0.00654
0.00522
0.0042
0.00426
0.00444
0.00474
0.00486
0.00516
0.00642
0.00678
0.00606
0.0051
0.0045
0.00462
0.00498
0.00516
0.0051
0.00558
0.00642
0.0069
0.00642
0.00486
0.00438
0.0048
0.00492
0.00462
0.00474
0.00612
0.00708
0.0066
0.00528
0.00444
0.00438
0.00468
0.00498
0.00498
0.00594
0.00702
0.00654
0.00546
0.00456
0.00426
0.00444
0.00474
0.00462
0.00516
0.00678
0.00708
0.00576
0.00462
0.00408
0.00402
0.00456
0.0051
0.00552
0.00612
0.00648
0.00582
0.00474
0.00426
0.00426
0.0045
0.00504
0.0054
0.00552
0.0057
0.00582
0.00576
0.00528
0.00462
0.0048
0.00534
0.00534
0.00522
0.00546
0.00552
0.00534
0.00486
0.00444
0.0048
0.00528
0.00546
0.00576
0.00588
0.00546
0.00522
0.0051
0.0051
0.00522
0.0051
0.00492
0.00522
0.00534
0.00522
0.0054
0.0054
0.0051
0.00486
0.00492
0.00522
0.00552
0.00546
0.00546
0.00534
0.00498
0.0048
0.00498
0.00534
0.00534
0.00504
0.00492
0.00516
0.00522
0.0051
0.0051
0.00528
0.00528
0.00522
0.00534
0.00546
0.00552
0.00552
0.00558
0.00558
0.00534
0.00516
0.00522
0.00534
0.0054
0.00534
0.00516
0.00528
0.00564
0.00564
0.00552
0.00558
0.00552
0.00528
0.0051
0.00528
0.00546
0.0054
0.00522
0.00504
0.00486
0.00504
0.00534
0.00558
0.00558
0.00534
0.00528
0.00534
0.00534
0.00546
0.00582
0.00576
0.00546
0.0054
0.00528
0.00528
0.0054
0.00522
0.0051
0.00522
0.00516
0.00498
0.0051
0.00534
0.00534
0.00516
0.00504
0.00504
0.00522
0.00534
0.00528
0.0054
0.00534
0.00492
0.00492
0.00528
0.00534
0.0054
0.0054
0.00534
0.00528
0.00528
0.00534
0.00552
0.00552
0.00522
0.00516
0.00522
0.00522
0.00504
0.00516
0.00534
0.00522
0.00504
0.0051
0.00546
0.00552
0.0054
0.00558
0.00576
0.0054
0.00534
0.00558
0.00552
0.00546
0.00546
0.00516
0.00504
0.0051
0.00522
0.00534
0.00546
0.00546
0.0054
0.00528
0.00522
0.00546
0.00564
0.00558
0.00564
0.0057
0.00552
0.00546
0.00588
0.00594
0.00564
0.00558
0.00558
0.00546
0.0054
0.00546
0.0054
0.00534
0.0051
0.0051
0.00522
0.00522
0.00516
0.00528
0.00534
0.00516
0.00498
0.00516
0.0054
0.00522
0.0051
0.00528
0.00534
0.0054
0.0057
0.00582
0.00576
0.0057
0.00528
0.0051
0.00546
0.00558
0.006
0.006
0.00474
0.00468
0.00576
0.00642
0.00636
0.00522
0.00438
0.00462
0.00552
0.0066
0.00636
0.00504
0.00462
0.0048
0.0051
0.00552
0.00522
0.0045
0.00444
0.0048
0.0057
0.00642
0.00558
0.00474
0.0051
0.0057
0.00654
0.00678
0.00552
0.00492
0.00546
0.00588
0.00666
0.00666
0.00486
0.00414
0.00486
0.00552
0.00648
0.00642
0.00462
0.00414
0.00498
0.00558
0.00678
0.00678
0.00474
0.00408
0.00534
0.00648
0.00708
0.00588
0.00426
0.00474
0.00582
0.00678
0.00702
0.00516
0.00426
0.00528
0.0063
0.00672
0.00546
0.00372
0.00414
0.00528
0.006
0.00606
0.00444
0.00354
0.00432
0.00552
0.00654
0.00582
0.00414
0.00432
0.00582
0.00696
0.00708
0.00558
0.00444
0.00498
0.00606
0.00684
0.00618
0.00474
0.00432
0.00486
0.00594
0.00624
0.00492
0.0042
0.00504
0.00588
0.00654
0.00576
0.00432
0.00486
0.00618
0.00672
0.00666
0.00522
0.00402
0.0048
0.00636
0.00702
0.00618
0.00444
0.00402
0.0051
0.00594
0.00582
0.00516
0.00456
0.0045
0.00504
0.0057
0.00594
0.0057
0.0054
0.00504
0.0054
0.00618
0.00636
0.00612
0.00594
0.00558
0.00546
0.00582
0.00606
0.00618
0.00612
0.0057
0.00546
0.00534
0.0051
0.00522
0.00522
0.00474
0.0048
0.00516
0.0051
0.00492
0.00504
0.0051
0.00492
0.0048
0.00498
0.00516
0.00534
0.00534
0.00528
0.00534
0.00552
0.00552
0.00534
0.00528
0.00522
0.0054
0.00594
0.0063
0.0054
0.00462
0.00504
0.00576
0.00636
0.006
0.00474
0.0048
0.00498
0.00504
0.00588
0.00504
0.00384
0.00426
0.00468
0.0054
0.00594
0.00492
0.00444
0.00498
0.00522
0.00594
0.00618
0.00516
0.00492
0.00516
0.00516
0.00588
0.00588
0.0048
0.00474
0.00522
0.0054
0.00576
0.00558
0.0048
0.00492
0.00558
0.00582
0.00594
0.00594
0.00522
0.00474
0.00534
0.00594
0.00588
0.00588
0.00612
0.00558
0.00492
0.00528
0.00612
0.00594
0.0054
0.00534
0.00504
0.00474
0.00498
0.0057
0.0063
0.00552
0.00468
0.00468
0.00456
0.00438
0.00468
0.00552
0.00582
0.0051
0.0048
0.00504
0.0048
0.0048
0.00522
0.00624
0.00708
0.00588
0.0045
0.00516
0.0054
0.0048
0.00522
0.00648
0.0072
0.00642
0.0045
0.00402
0.00492
0.00504
0.00474
0.00564
0.00714
0.00744
0.00594
0.00408
0.00384
0.00456
0.00468
0.0045
0.00522
0.00654
0.00696
0.00588
0.00468
0.00456
0.00486
0.00486
0.0048
0.00564
0.00714
0.00738
0.00582
0.0042
0.00366
0.00414
0.00486
0.00498
0.00546
0.0069
0.00708
0.00546
0.00432
0.00456
0.00504
0.00522
0.00534
0.00606
0.00732
0.00738
0.00558
0.00402
0.00396
0.0042
0.00456
0.00534
0.00606
0.00642
0.00636
0.00534
0.00414
0.0039
0.00438
0.00534
0.00642
0.00654
0.00582
0.00558
0.0054
0.00492
0.00462
0.00462
0.00504
0.00552
0.00546
0.00534
0.00546
0.00546
0.00534
0.00534
0.00498
0.00468
0.00486
0.00522
0.00564
0.00588
0.00558
0.0054
0.00558
0.00546
0.00552
0.0057
0.00552
0.0054
0.00522
0.0051
0.00516
0.00546
0.00576
0.00558
0.00534
0.00534
0.00528
0.00534
0.00546
0.0054
0.00528
0.00534
0.00522
0.0051
0.00528
0.00552
0.00558
0.00552
0.00522
0.00504
0.0054
0.00558
0.00552
0.00558
0.00558
0.00534
0.00522
0.00534
0.00558
0.00552
0.00522
0.0051
0.0051
0.0051
0.00534
0.00558
0.0057
0.00522
0.00444
0.00486
0.00576
0.00588
0.00576
0.00522
0.00402
0.0042
0.00564
0.00612
0.00594
0.00594
0.00504
0.00402
0.00462
0.00582
0.00606
0.006
0.00588
0.00498
0.00402
0.00474
0.00576
0.00552
0.00534
0.00564
0.0048
0.00372
0.00444
0.00564
0.00564
0.00534
0.0051
0.00456
0.00432
0.00492
0.00594
0.00648
0.006
0.00504
0.00438
0.0045
0.00486
0.00522
0.00582
0.00606
0.00552
0.00504
0.00474
0.0048
0.00558
0.00618
0.00606
0.00564
0.0051
0.0048
0.00516
0.00546
0.00534
0.00552
0.00534
0.00474
0.00462
0.00468
0.00474
0.0051
0.00534
0.00534
0.00546
0.00546
0.00522
0.0051
0.00504
0.00504
0.00528
0.00546
0.00558
0.00552
0.00492
0.0045
0.0048
0.00498
0.00522
0.00564
0.00534
0.00522
0.00564
0.00492
0.00438
0.0057
0.00624
0.00552
0.00594
0.0057
0.00396
0.00444
0.006
0.00582
0.00582
0.00624
0.00462
0.00354
0.00498
0.00564
0.00546
0.00636
0.00618
0.00444
0.00444
0.00546
0.0057
0.00618
0.00648
0.0051
0.00426
0.00534
0.00576
0.00594
0.00678
0.00582
0.00414
0.0048
0.00558
0.00528
0.00582
0.0057
0.00426
0.00444
0.0054
0.00546
0.00618
0.00648
0.00492
0.0045
0.00552
0.00582
0.00624
0.00678
0.00564
0.00468
0.00498
0.00504
0.00534
0.00606
0.0054
0.00444
0.00462
0.00486
0.0051
0.00594
0.00618
0.00534
0.00504
0.00528
0.00546
0.00582
0.00612
0.00546
0.00504
0.00528
0.00534
0.00564
0.00624
0.00564
0.00438
0.0045
0.00516
0.0054
0.00582
0.0063
0.0057
0.00504
0.00534
0.00546
0.00558
0.00624
0.00624
0.00498
0.0048
0.00534
0.00504
0.00528
0.00612
0.00576
0.00462
0.00468
0.00546
0.00546
0.00558
0.00606
0.0057
0.00474
0.00504
0.00582
0.00564
