3.35E-4
3.36E-4
3.34E-4
3.32E-4
3.32E-4
3.32E-4
3.34E-4
3.35E-4
3.36E-4
3.35E-4
3.32E-4
3.33E-4
3.35E-4
3.34E-4
3.33E-4
3.32E-4
3.33E-4
3.35E-4
3.33E-4
3.31E-4
3.33E-4
3.34E-4
3.35E-4
3.36E-4
3.33E-4
3.32E-4
3.34E-4
3.36E-4
3.35E-4
3.33E-4
3.33E-4
3.35E-4
3.36E-4
3.34E-4
3.34E-4
3.34E-4
3.33E-4
3.34E-4
3.33E-4
3.32E-4
3.32E-4
3.33E-4
3.33E-4
3.34E-4
3.34E-4
3.34E-4
3.33E-4
3.34E-4
3.35E-4
3.33E-4
3.32E-4
3.33E-4
3.33E-4
3.32E-4
3.32E-4
3.33E-4
3.32E-4
3.31E-4
3.31E-4
3.34E-4
3.35E-4
3.33E-4
3.32E-4
3.31E-4
3.3E-4
3.33E-4
3.33E-4
3.33E-4
3.35E-4
3.33E-4
3.3E-4
3.33E-4
3.35E-4
3.35E-4
3.33E-4
3.32E-4
3.32E-4
3.35E-4
3.36E-4
3.34E-4
3.35E-4
3.35E-4
3.34E-4
3.33E-4
3.3E-4
3.31E-4
3.34E-4
3.36E-4
3.36E-4
3.32E-4
3.31E-4
3.35E-4
3.37E-4
3.35E-4
3.34E-4
3.34E-4
3.35E-4
3.33E-4
3.3E-4
3.31E-4
3.36E-4
3.37E-4
3.33E-4
3.3E-4
3.31E-4
3.36E-4
3.36E-4
3.34E-4
3.33E-4
3.35E-4
3.34E-4
3.32E-4
3.33E-4
3.35E-4
3.35E-4
3.33E-4
3.31E-4
3.32E-4
3.34E-4
3.36E-4
3.36E-4
3.34E-4
3.32E-4
3.32E-4
3.32E-4
3.33E-4
3.32E-4
3.33E-4
3.37E-4
3.36E-4
3.31E-4
3.32E-4
3.37E-4
3.37E-4
3.34E-4
3.33E-4
3.34E-4
3.36E-4
3.36E-4
3.34E-4
3.34E-4
3.34E-4
3.35E-4
3.35E-4
3.3E-4
3.3E-4
3.34E-4
3.34E-4
3.35E-4
3.35E-4
3.32E-4
3.32E-4
3.34E-4
3.33E-4
3.32E-4
3.33E-4
3.33E-4
3.33E-4
3.35E-4
3.34E-4
3.32E-4
3.32E-4
3.34E-4
3.36E-4
3.34E-4
3.32E-4
3.33E-4
3.32E-4
3.32E-4
3.34E-4
3.34E-4
3.33E-4
3.36E-4
3.37E-4
3.35E-4
3.34E-4
3.33E-4
3.34E-4
3.35E-4
3.34E-4
3.34E-4
3.34E-4
3.33E-4
3.31E-4
3.31E-4
3.33E-4
3.34E-4
3.32E-4
3.32E-4
3.34E-4
3.33E-4
3.35E-4
3.35E-4
3.35E-4
3.34E-4
3.34E-4
3.34E-4
3.33E-4
3.32E-4
3.33E-4
3.34E-4
3.32E-4
3.33E-4
3.33E-4
3.33E-4
3.35E-4
3.36E-4
3.34E-4
3.33E-4
3.34E-4
3.34E-4
3.35E-4
3.37E-4
3.35E-4
3.34E-4
3.34E-4
3.34E-4
3.35E-4
3.33E-4
3.32E-4
3.35E-4
3.35E-4
3.34E-4
3.33E-4
3.3E-4
3.32E-4
3.36E-4
3.34E-4
3.33E-4
3.33E-4
3.32E-4
3.32E-4
3.34E-4
3.35E-4
3.37E-4
3.36E-4
3.34E-4
3.33E-4
3.31E-4
3.31E-4
3.34E-4
3.34E-4
3.32E-4
3.32E-4
3.32E-4
3.35E-4
3.38E-4
3.36E-4
3.33E-4
3.34E-4
3.35E-4
3.35E-4
3.34E-4
3.33E-4
3.34E-4
3.33E-4
3.33E-4
3.33E-4
3.32E-4
3.32E-4
3.33E-4
3.35E-4
3.37E-4
3.35E-4
3.32E-4
3.33E-4
3.35E-4
3.35E-4
3.34E-4
3.33E-4
3.31E-4
3.33E-4
3.36E-4
3.39E-4
3.38E-4
3.35E-4
3.33E-4
3.37E-4
3.36E-4
3.33E-4
3.36E-4
3.36E-4
3.33E-4
3.32E-4
3.32E-4
3.33E-4
3.36E-4
3.35E-4
3.33E-4
3.34E-4
3.33E-4
3.35E-4
3.38E-4
3.37E-4
3.36E-4
3.35E-4
3.34E-4
3.34E-4
3.33E-4
3.32E-4
3.35E-4
3.37E-4
3.35E-4
3.35E-4
3.35E-4
3.33E-4
3.34E-4
3.37E-4
3.35E-4
3.33E-4
3.32E-4
3.32E-4
3.33E-4
3.36E-4
3.36E-4
3.34E-4
3.34E-4
3.35E-4
3.35E-4
3.32E-4
3.32E-4
3.34E-4
3.34E-4
3.33E-4
3.32E-4
3.33E-4
3.34E-4
3.36E-4
3.36E-4
3.35E-4
3.33E-4
3.32E-4
3.33E-4
3.34E-4
3.34E-4
3.32E-4
3.32E-4
3.33E-4
3.31E-4
3.33E-4
3.36E-4
3.34E-4
3.32E-4
3.32E-4
3.31E-4
3.32E-4
3.32E-4
3.3E-4
3.32E-4
3.34E-4
3.33E-4
3.33E-4
3.37E-4
3.39E-4
3.35E-4
3.32E-4
3.32E-4
3.33E-4
3.33E-4
3.31E-4
3.32E-4
3.33E-4
3.32E-4
3.32E-4
3.34E-4
3.35E-4
3.34E-4
3.33E-4
3.31E-4
3.31E-4
3.33E-4
3.34E-4
3.34E-4
3.34E-4
3.35E-4
3.35E-4
3.34E-4
3.34E-4
3.32E-4
3.32E-4
3.33E-4
3.33E-4
3.33E-4
3.33E-4
3.33E-4
3.34E-4
3.36E-4
3.37E-4
3.38E-4
3.36E-4
3.33E-4
3.32E-4
3.32E-4
3.34E-4
3.36E-4
3.34E-4
3.33E-4
3.33E-4
3.31E-4
3.33E-4
3.36E-4
3.36E-4
3.36E-4
3.34E-4
3.28E-4
3.3E-4
3.36E-4
3.34E-4
3.32E-4
3.33E-4
3.32E-4
3.33E-4
3.35E-4
3.37E-4
3.38E-4
3.38E-4
3.36E-4
3.34E-4
3.33E-4
3.33E-4
3.33E-4
3.33E-4
3.32E-4
3.31E-4
3.32E-4
3.35E-4
3.36E-4
3.37E-4
3.36E-4
3.35E-4
3.35E-4
3.35E-4
3.33E-4
3.33E-4
3.34E-4
3.33E-4
3.33E-4
3.33E-4
3.34E-4
3.37E-4
3.37E-4
3.34E-4
3.32E-4
3.31E-4
3.29E-4
3.29E-4
3.31E-4
3.33E-4
3.35E-4
3.34E-4
3.34E-4
3.35E-4
3.35E-4
3.35E-4
3.37E-4
3.36E-4
3.34E-4
3.33E-4
3.31E-4
3.32E-4
3.35E-4
3.35E-4
3.35E-4
3.33E-4
3.32E-4
3.34E-4
3.35E-4
3.33E-4
3.34E-4
3.35E-4
3.33E-4
3.35E-4
3.33E-4
3.33E-4
3.37E-4
3.36E-4
3.33E-4
3.32E-4
3.32E-4
3.34E-4
3.36E-4
3.34E-4
3.31E-4
3.33E-4
3.34E-4
3.34E-4
3.36E-4
3.34E-4
3.32E-4
3.34E-4
3.34E-4
3.33E-4
3.33E-4
3.35E-4
3.35E-4
3.35E-4
3.35E-4
3.33E-4
3.33E-4
3.35E-4
3.35E-4
3.33E-4
3.33E-4
3.32E-4
3.32E-4
3.33E-4
3.33E-4
3.32E-4
3.34E-4
3.34E-4
3.32E-4
3.32E-4
3.33E-4
3.35E-4
3.36E-4
3.35E-4
3.34E-4
3.33E-4
3.31E-4
3.33E-4
3.36E-4
3.34E-4
3.33E-4
3.33E-4
3.32E-4
3.33E-4
3.35E-4
3.34E-4
3.34E-4
3.33E-4
3.33E-4
3.35E-4
3.35E-4
3.32E-4
3.32E-4
3.32E-4
3.33E-4
3.33E-4
3.32E-4
3.33E-4
3.32E-4
3.31E-4
3.32E-4
3.31E-4
3.31E-4
3.32E-4
3.32E-4
3.33E-4
3.36E-4
3.35E-4
3.31E-4
3.32E-4
3.35E-4
3.37E-4
3.36E-4
3.33E-4
3.33E-4
3.34E-4
3.33E-4
3.32E-4
3.32E-4
3.33E-4
3.34E-4
3.33E-4
3.33E-4
3.35E-4
3.34E-4
3.31E-4
3.31E-4
3.31E-4
3.3E-4
3.3E-4
3.29E-4
3.29E-4
3.29E-4
3.27E-4
3.26E-4
3.25E-4
3.23E-4
3.28E-4
3.34E-4
3.34E-4
3.33E-4
3.36E-4
3.37E-4
3.36E-4
3.38E-4
3.39E-4
3.39E-4
3.37E-4
3.36E-4
3.38E-4
3.38E-4
3.38E-4
3.37E-4
3.33E-4
3.34E-4
3.37E-4
3.34E-4
3.33E-4
3.36E-4
3.34E-4
3.29E-4
3.29E-4
3.31E-4
3.31E-4
3.32E-4
3.31E-4
3.29E-4
3.3E-4
3.3E-4
3.28E-4
3.29E-4
3.32E-4
3.33E-4
3.32E-4
3.32E-4
3.32E-4
3.33E-4
3.33E-4
3.34E-4
3.36E-4
3.35E-4
3.34E-4
3.35E-4
3.34E-4
3.34E-4
3.36E-4
3.36E-4
3.33E-4
3.33E-4
3.35E-4
3.36E-4
3.37E-4
3.39E-4
3.39E-4
3.38E-4
3.37E-4
3.35E-4
3.36E-4
3.35E-4
3.34E-4
3.35E-4
3.35E-4
3.32E-4
3.31E-4
3.32E-4
3.33E-4
3.35E-4
3.35E-4
3.33E-4
3.33E-4
3.35E-4
3.37E-4
3.38E-4
3.35E-4
3.35E-4
3.36E-4
3.34E-4
3.34E-4
3.35E-4
3.34E-4
3.34E-4
3.34E-4
3.32E-4
3.31E-4
3.31E-4
3.32E-4
3.35E-4
3.35E-4
3.33E-4
3.34E-4
3.37E-4
3.35E-4
3.34E-4
3.35E-4
3.35E-4
3.34E-4
3.35E-4
3.35E-4
3.34E-4
3.33E-4
3.3E-4
3.32E-4
3.37E-4
3.37E-4
3.36E-4
3.34E-4
3.33E-4
3.34E-4
3.33E-4
3.34E-4
3.37E-4
3.38E-4
3.36E-4
3.34E-4
3.34E-4
3.32E-4
3.29E-4
3.31E-4
3.34E-4
3.33E-4
3.36E-4
3.37E-4
3.34E-4
3.35E-4
3.35E-4
3.34E-4
3.35E-4
3.34E-4
3.31E-4
3.33E-4
3.35E-4
3.38E-4
3.39E-4
3.36E-4
3.35E-4
3.35E-4
3.33E-4
3.32E-4
3.33E-4
3.35E-4
3.35E-4
3.33E-4
3.34E-4
3.38E-4
3.38E-4
3.33E-4
3.3E-4
3.35E-4
3.35E-4
3.35E-4
3.36E-4
3.35E-4
3.37E-4
3.39E-4
3.36E-4
3.33E-4
3.31E-4
3.31E-4
3.35E-4
3.34E-4
3.32E-4
3.33E-4
3.34E-4
3.37E-4
3.37E-4
3.32E-4
3.29E-4
3.3E-4
3.33E-4
3.34E-4
3.35E-4
3.36E-4
3.39E-4
3.37E-4
3.33E-4
3.33E-4
3.34E-4
3.32E-4
3.32E-4
3.34E-4
3.33E-4
3.31E-4
3.34E-4
3.37E-4
3.36E-4
3.33E-4
3.33E-4
3.34E-4
3.33E-4
3.33E-4
3.35E-4
3.37E-4
3.38E-4
3.36E-4
3.33E-4
3.31E-4
3.32E-4
3.35E-4
3.36E-4
3.34E-4
3.34E-4
3.33E-4
3.31E-4
3.32E-4
3.35E-4
3.34E-4
3.32E-4
3.33E-4
3.35E-4
3.36E-4
3.35E-4
3.33E-4
3.34E-4
3.34E-4
3.32E-4
3.32E-4
3.34E-4
3.35E-4
3.36E-4
3.37E-4
3.36E-4
3.33E-4
3.31E-4
3.35E-4
3.37E-4
3.35E-4
3.33E-4
3.34E-4
3.34E-4
3.34E-4
3.34E-4
3.39E-4
3.4E-4
3.36E-4
3.34E-4
3.32E-4
3.3E-4
3.33E-4
3.36E-4
3.35E-4
3.34E-4
3.34E-4
3.34E-4
3.35E-4
3.37E-4
3.37E-4
3.36E-4
3.35E-4
3.35E-4
3.32E-4
3.32E-4
3.37E-4
3.4E-4
3.36E-4
3.34E-4
3.33E-4
3.31E-4
3.31E-4
3.33E-4
3.33E-4
3.34E-4
3.34E-4
3.32E-4
3.32E-4
3.36E-4
3.39E-4
3.41E-4
3.38E-4
3.31E-4
3.32E-4
3.36E-4
3.37E-4
3.35E-4
3.33E-4
3.32E-4
3.33E-4
3.33E-4
3.34E-4
3.36E-4
3.36E-4
3.34E-4
3.32E-4
3.3E-4
3.32E-4
3.37E-4
3.38E-4
3.35E-4
3.34E-4
3.34E-4
3.34E-4
3.34E-4
3.37E-4
3.36E-4
3.35E-4
3.35E-4
3.33E-4
3.32E-4
3.35E-4
3.36E-4
3.35E-4
3.33E-4
3.33E-4
3.35E-4
3.34E-4
3.33E-4
3.33E-4
3.36E-4
3.36E-4
3.35E-4
3.34E-4
3.33E-4
3.35E-4
3.36E-4
3.35E-4
3.33E-4
3.32E-4
3.32E-4
3.34E-4
3.35E-4
3.33E-4
3.33E-4
3.34E-4
3.33E-4
3.34E-4
3.35E-4
3.36E-4
3.36E-4
3.34E-4
3.33E-4
3.35E-4
3.36E-4
3.35E-4
3.35E-4
3.35E-4
3.35E-4
3.34E-4
3.31E-4
3.33E-4
3.37E-4
3.36E-4
3.34E-4
3.34E-4
3.34E-4
3.33E-4
3.33E-4
3.35E-4
3.35E-4
3.34E-4
3.33E-4
3.34E-4
3.33E-4
3.34E-4
3.34E-4
3.33E-4
3.34E-4
3.34E-4
3.32E-4
3.32E-4
3.33E-4
3.33E-4
3.34E-4
3.32E-4
3.33E-4
3.35E-4
3.36E-4
3.35E-4
3.33E-4
3.31E-4
3.32E-4
3.34E-4
3.35E-4
3.34E-4
3.33E-4
3.31E-4
3.31E-4
3.35E-4
3.36E-4
3.34E-4
3.34E-4
3.34E-4
3.33E-4
3.33E-4
3.33E-4
3.33E-4
3.35E-4
3.37E-4
3.4E-4
3.39E-4
3.34E-4
3.33E-4
3.36E-4
3.36E-4
3.36E-4
3.37E-4
3.35E-4
3.33E-4
3.33E-4
3.34E-4
3.35E-4
3.36E-4
3.34E-4
3.32E-4
3.33E-4
3.35E-4
3.35E-4
3.34E-4
3.33E-4
3.35E-4
3.36E-4
3.36E-4
3.39E-4
3.37E-4
3.33E-4
3.32E-4
3.34E-4
3.35E-4
3.36E-4
3.35E-4
3.33E-4
3.34E-4
3.35E-4
3.35E-4
3.35E-4
3.33E-4
3.33E-4
3.36E-4
3.38E-4
3.37E-4
3.34E-4
3.33E-4
3.33E-4
3.35E-4
3.35E-4
3.35E-4
3.35E-4
3.33E-4
3.32E-4
3.34E-4
3.36E-4
3.36E-4
3.35E-4
3.34E-4
3.34E-4
3.34E-4
3.37E-4
3.36E-4
3.32E-4
3.32E-4
3.34E-4
3.35E-4
3.36E-4
3.37E-4
3.34E-4
3.32E-4
3.35E-4
3.39E-4
3.37E-4
3.33E-4
3.32E-4
3.33E-4
3.35E-4
3.35E-4
3.35E-4
3.34E-4
3.34E-4
3.34E-4
3.35E-4
3.34E-4
3.32E-4
3.34E-4
3.35E-4
3.35E-4
3.36E-4
3.36E-4
3.35E-4
3.33E-4
3.32E-4
3.34E-4
3.35E-4
3.35E-4
3.34E-4
3.32E-4
3.31E-4
3.34E-4
3.37E-4
3.35E-4
3.31E-4
3.3E-4
3.32E-4
3.36E-4
3.38E-4
3.36E-4
3.33E-4
3.35E-4
3.37E-4
3.33E-4
3.31E-4
3.33E-4
3.33E-4
3.32E-4
3.33E-4
3.32E-4
3.32E-4
3.33E-4
3.32E-4
3.34E-4
3.37E-4
3.34E-4
3.32E-4
3.35E-4
3.34E-4
3.34E-4
3.36E-4
3.36E-4
3.35E-4
3.35E-4
3.33E-4
3.33E-4
3.36E-4
3.35E-4
3.33E-4
3.33E-4
3.32E-4
3.32E-4
3.34E-4
3.34E-4
3.35E-4
3.35E-4
3.34E-4
3.35E-4
3.35E-4
3.34E-4
3.35E-4
3.35E-4
3.34E-4
3.33E-4
3.33E-4
3.34E-4
3.35E-4
3.34E-4
3.33E-4
3.34E-4
3.34E-4
3.34E-4
3.36E-4
3.37E-4
3.35E-4
3.34E-4
3.34E-4
3.36E-4
3.35E-4
3.34E-4
3.34E-4
3.35E-4
3.34E-4
3.33E-4
3.35E-4
3.35E-4
3.35E-4
3.34E-4
3.34E-4
3.32E-4
3.3E-4
3.33E-4
3.35E-4
3.36E-4
3.36E-4
3.34E-4
3.34E-4
3.35E-4
3.34E-4
3.35E-4
3.37E-4
3.35E-4
3.33E-4
3.35E-4
3.35E-4
3.34E-4
3.34E-4
3.35E-4
3.35E-4
3.34E-4
3.34E-4
3.35E-4
3.36E-4
3.36E-4
3.35E-4
3.34E-4
3.33E-4
3.35E-4
3.36E-4
3.36E-4
3.35E-4
3.33E-4
3.33E-4
3.35E-4
3.37E-4
3.36E-4
3.35E-4
3.34E-4
3.33E-4
3.32E-4
3.33E-4
3.34E-4
3.33E-4
3.35E-4
3.36E-4
3.34E-4
3.34E-4
3.35E-4
3.34E-4
3.34E-4
3.36E-4
3.36E-4
3.36E-4
3.36E-4
3.35E-4
3.33E-4
3.34E-4
3.35E-4
3.36E-4
3.35E-4
3.33E-4
3.34E-4
3.36E-4
3.35E-4
3.36E-4
3.37E-4
3.35E-4
3.35E-4
3.35E-4
3.37E-4
3.38E-4
3.36E-4
3.34E-4
3.34E-4
3.32E-4
3.34E-4
3.35E-4
3.32E-4
3.33E-4
3.34E-4
3.33E-4
3.33E-4
3.33E-4
3.33E-4
3.34E-4
3.35E-4
3.35E-4
3.35E-4
3.34E-4
3.33E-4
3.35E-4
3.36E-4
3.36E-4
3.34E-4
3.3E-4
3.34E-4
3.36E-4
3.33E-4
3.32E-4
3.3E-4
3.31E-4
3.35E-4
3.39E-4
3.37E-4
3.36E-4
3.35E-4
3.35E-4
3.35E-4
3.34E-4
3.35E-4
3.35E-4
3.33E-4
3.33E-4
3.35E-4
3.36E-4
3.34E-4
3.34E-4
3.36E-4
3.36E-4
3.34E-4
3.34E-4
3.35E-4
3.34E-4
3.34E-4
3.36E-4
3.35E-4
3.34E-4
3.35E-4
3.36E-4
3.35E-4
3.35E-4
3.31E-4
3.32E-4
3.35E-4
3.36E-4
3.36E-4
3.34E-4
3.34E-4
3.37E-4
3.34E-4
3.33E-4
3.46E-4
3.81E-4
4.11E-4
3.69E-4
2.87E-4
3.09E-4
3.86E-4
3.45E-4
2.68E-4
3.05E-4
3.55E-4
2.92E-4
1.67E-4
1.82E-4
3.29E-4
3.56E-4
3.23E-4
3.55E-4
3.67E-4
3.91E-4
4.27E-4
3.95E-4
3.46E-4
3.28E-4
3.2E-4
2.97E-4
2.66E-4
2.66E-4
2.95E-4
3.12E-4
3.21E-4
3.32E-4
3.4E-4
3.43E-4
3.44E-4
3.43E-4
3.45E-4
3.42E-4
3.36E-4
3.38E-4
3.4E-4
3.37E-4
3.38E-4
3.46E-4
3.47E-4
3.43E-4
3.41E-4
3.41E-4
3.46E-4
3.51E-4
3.54E-4
3.58E-4
3.57E-4
3.55E-4
3.56E-4
3.51E-4
3.43E-4
3.41E-4
3.37E-4
3.34E-4
3.37E-4
3.39E-4
3.41E-4
3.42E-4
3.38E-4
3.36E-4
3.34E-4
3.33E-4
3.35E-4
3.35E-4
3.32E-4
3.32E-4
3.33E-4
3.3E-4
3.31E-4
3.3E-4
3.29E-4
3.32E-4
3.32E-4
3.27E-4
3.27E-4
3.3E-4
3.32E-4
3.3E-4
3.27E-4
3.25E-4
3.26E-4
3.27E-4
3.28E-4
3.27E-4
3.25E-4
3.22E-4
3.24E-4
3.28E-4
3.3E-4
3.3E-4
3.3E-4
3.29E-4
3.3E-4
3.34E-4
3.36E-4
3.33E-4
3.33E-4
3.37E-4
3.37E-4
3.36E-4
3.37E-4
3.38E-4
3.38E-4
3.39E-4
3.38E-4
3.36E-4
3.34E-4
3.34E-4
3.37E-4
3.39E-4
3.38E-4
3.38E-4
3.36E-4
3.34E-4
3.36E-4
3.37E-4
3.37E-4
3.38E-4
3.35E-4
3.34E-4
3.36E-4
3.36E-4
3.37E-4
3.37E-4
3.35E-4
3.34E-4
3.35E-4
3.34E-4
3.35E-4
3.35E-4
3.33E-4
3.33E-4
3.34E-4
3.31E-4
3.32E-4
3.35E-4
3.37E-4
3.37E-4
3.35E-4
3.34E-4
3.35E-4
3.38E-4
3.37E-4
3.33E-4
3.33E-4
3.34E-4
3.33E-4
3.32E-4
3.36E-4
3.37E-4
3.36E-4
3.34E-4
3.36E-4
3.38E-4
3.37E-4
3.35E-4
3.35E-4
3.36E-4
3.35E-4
3.33E-4
3.35E-4
3.36E-4
3.36E-4
3.37E-4
3.37E-4
3.35E-4
3.34E-4
3.34E-4
3.36E-4
3.36E-4
3.34E-4
3.33E-4
3.35E-4
3.35E-4
3.34E-4
3.34E-4
3.37E-4
3.37E-4
3.36E-4
3.36E-4
3.36E-4
3.36E-4
3.35E-4
3.35E-4
3.33E-4
3.34E-4
3.35E-4
3.35E-4
3.37E-4
3.36E-4
3.35E-4
3.36E-4
3.34E-4
3.33E-4
3.33E-4
3.34E-4
3.35E-4
3.38E-4
3.37E-4
3.35E-4
3.34E-4
3.35E-4
3.37E-4
3.38E-4
3.36E-4
3.35E-4
3.33E-4
3.32E-4
3.33E-4
3.36E-4
3.37E-4
3.37E-4
3.34E-4
3.34E-4
3.36E-4
3.37E-4
3.37E-4
3.34E-4
3.32E-4
3.34E-4
3.35E-4
3.36E-4
3.37E-4
3.36E-4
3.35E-4
3.34E-4
3.33E-4
3.35E-4
3.37E-4
3.34E-4
3.32E-4
3.34E-4
3.35E-4
3.32E-4
3.33E-4
3.36E-4
3.39E-4
3.37E-4
3.34E-4
3.33E-4
3.32E-4
3.34E-4
3.36E-4
3.36E-4
3.36E-4
3.35E-4
3.34E-4
3.36E-4
3.39E-4
3.38E-4
3.35E-4
3.34E-4
3.32E-4
3.32E-4
3.34E-4
3.36E-4
3.39E-4
3.39E-4
3.35E-4
3.32E-4
3.33E-4
3.34E-4
3.36E-4
3.39E-4
3.38E-4
3.36E-4
3.35E-4
3.33E-4
3.32E-4
3.33E-4
3.35E-4
3.36E-4
3.35E-4
3.33E-4
3.34E-4
3.36E-4
3.37E-4
3.36E-4
3.34E-4
3.32E-4
3.33E-4
3.35E-4
3.34E-4
3.33E-4
3.35E-4
3.35E-4
3.29E-4
3.3E-4
3.36E-4
3.37E-4
3.33E-4
3.31E-4
3.3E-4
3.32E-4
3.33E-4
3.33E-4
3.35E-4
3.35E-4
3.32E-4
3.33E-4
3.35E-4
3.34E-4
3.33E-4
3.35E-4
3.36E-4
3.37E-4
3.37E-4
3.33E-4
3.32E-4
3.36E-4
3.36E-4
3.35E-4
3.33E-4
3.34E-4
3.33E-4
3.31E-4
3.34E-4
3.37E-4
3.33E-4
3.3E-4
3.35E-4
3.36E-4
3.34E-4
3.36E-4
3.37E-4
3.34E-4
3.32E-4
3.34E-4
3.35E-4
3.33E-4
3.33E-4
3.34E-4
3.33E-4
3.32E-4
3.33E-4
3.3E-4
3.3E-4
3.34E-4
3.33E-4
3.32E-4
3.35E-4
3.36E-4
3.34E-4
3.35E-4
3.36E-4
3.35E-4
3.33E-4
3.32E-4
3.35E-4
3.35E-4
3.33E-4
3.32E-4
3.31E-4
3.32E-4
3.35E-4
3.34E-4
3.33E-4
3.33E-4
3.32E-4
3.33E-4
3.34E-4
3.34E-4
3.35E-4
3.35E-4
3.34E-4
3.32E-4
3.31E-4
3.33E-4
3.34E-4
3.33E-4
3.34E-4
3.34E-4
3.32E-4
3.31E-4
3.32E-4
3.33E-4
3.35E-4
3.34E-4
3.32E-4
3.34E-4
3.37E-4
3.34E-4
3.32E-4
3.33E-4
3.33E-4
3.32E-4
3.33E-4
3.34E-4
3.33E-4
3.33E-4
3.35E-4
3.33E-4
3.32E-4
3.34E-4
3.34E-4
3.32E-4
3.32E-4
3.34E-4
3.35E-4
3.34E-4
3.33E-4
3.34E-4
3.36E-4
3.37E-4
3.34E-4
3.34E-4
3.34E-4
3.34E-4
3.35E-4
3.37E-4
3.37E-4
3.34E-4
3.33E-4
3.35E-4
3.36E-4
3.35E-4
3.35E-4
3.35E-4
3.35E-4
3.36E-4
3.36E-4
3.35E-4
3.35E-4
3.34E-4
3.32E-4
3.35E-4
3.35E-4
3.34E-4
3.35E-4
3.36E-4
3.36E-4
3.35E-4
3.33E-4
3.33E-4
3.35E-4
3.35E-4
3.36E-4
3.36E-4
3.34E-4
3.33E-4
3.32E-4
3.33E-4
3.37E-4
3.39E-4
3.35E-4
3.34E-4
3.34E-4
3.33E-4
3.36E-4
3.37E-4
3.36E-4
3.35E-4
3.32E-4
3.31E-4
3.34E-4
3.36E-4
3.37E-4
3.36E-4
3.33E-4
3.32E-4
3.33E-4
3.36E-4
3.37E-4
3.36E-4
3.33E-4
3.34E-4
3.34E-4
3.34E-4
3.35E-4
3.34E-4
3.33E-4
3.33E-4
3.32E-4
3.33E-4
3.35E-4
3.35E-4
3.36E-4
3.36E-4
3.36E-4
3.37E-4
3.35E-4
3.35E-4
3.37E-4
3.35E-4
3.33E-4
3.33E-4
3.35E-4
3.37E-4
3.37E-4
3.36E-4
3.35E-4
3.33E-4
3.33E-4
3.35E-4
3.36E-4
3.35E-4
3.35E-4
3.36E-4
3.34E-4
3.32E-4
3.35E-4
3.38E-4
3.38E-4
3.36E-4
3.33E-4
3.33E-4
3.35E-4
3.36E-4
3.37E-4
3.34E-4
3.33E-4
3.34E-4
3.32E-4
3.32E-4
3.36E-4
3.36E-4
3.36E-4
3.37E-4
3.33E-4
3.31E-4
3.34E-4
3.35E-4
3.36E-4
3.37E-4
3.38E-4
3.37E-4
3.34E-4
3.31E-4
3.32E-4
3.33E-4
3.32E-4
3.32E-4
3.35E-4
3.37E-4
3.36E-4
3.35E-4
3.35E-4
3.33E-4
3.32E-4
3.33E-4
3.33E-4
3.32E-4
3.36E-4
3.39E-4
3.37E-4
3.34E-4
3.31E-4
3.3E-4
3.33E-4
3.33E-4
3.32E-4
3.34E-4
3.35E-4
3.34E-4
3.33E-4
3.33E-4
3.33E-4
3.32E-4
3.31E-4
3.31E-4
3.31E-4
3.34E-4
3.4E-4
3.38E-4
3.33E-4
3.33E-4
3.32E-4
3.3E-4
3.31E-4
3.32E-4
3.33E-4
3.34E-4
3.35E-4
3.35E-4
3.32E-4
3.29E-4
3.31E-4
3.33E-4
3.31E-4
3.3E-4
3.33E-4
3.34E-4
3.34E-4
3.36E-4
3.34E-4
3.3E-4
3.28E-4
3.31E-4
3.34E-4
3.34E-4
3.36E-4
3.38E-4
3.34E-4
3.33E-4
3.36E-4
3.35E-4
3.34E-4
3.34E-4
3.33E-4
3.34E-4
3.32E-4
3.32E-4
3.36E-4
3.37E-4
3.34E-4
3.31E-4
3.3E-4
3.34E-4
3.38E-4
3.34E-4
3.32E-4
3.35E-4
3.33E-4
3.3E-4
3.31E-4
3.32E-4
3.33E-4
3.34E-4
3.33E-4
3.33E-4
3.35E-4
3.36E-4
3.35E-4
3.35E-4
3.35E-4
3.33E-4
3.31E-4
3.32E-4
3.35E-4
3.36E-4
3.35E-4
3.34E-4
3.33E-4
3.34E-4
3.35E-4
3.36E-4
3.34E-4
3.34E-4
3.34E-4
3.34E-4
3.33E-4
3.34E-4
3.35E-4
3.36E-4
3.35E-4
3.35E-4
3.33E-4
3.32E-4
3.34E-4
3.35E-4
3.32E-4
3.31E-4
3.32E-4
3.32E-4
3.3E-4
3.33E-4
3.36E-4
3.36E-4
3.33E-4
3.34E-4
3.36E-4
3.35E-4
3.35E-4
3.33E-4
3.32E-4
3.32E-4
3.32E-4
3.34E-4
3.36E-4
3.36E-4
3.36E-4
3.35E-4
3.32E-4
3.34E-4
3.35E-4
3.33E-4
3.33E-4
3.33E-4
3.3E-4
3.33E-4
3.35E-4
3.34E-4
3.35E-4
3.35E-4
3.34E-4
3.34E-4
3.32E-4
3.31E-4
3.33E-4
3.34E-4
3.33E-4
3.32E-4
3.31E-4
3.31E-4
3.33E-4
3.34E-4
3.35E-4
3.33E-4
3.32E-4
3.33E-4
3.36E-4
3.36E-4
3.34E-4
3.34E-4
3.32E-4
3.31E-4
3.33E-4
3.34E-4
3.33E-4
3.33E-4
3.34E-4
3.32E-4
3.3E-4
3.32E-4
3.33E-4
3.35E-4
3.35E-4
3.33E-4
3.33E-4
3.34E-4
3.32E-4
3.34E-4
3.36E-4
3.34E-4
3.33E-4
3.34E-4
3.34E-4
3.35E-4
3.34E-4
3.33E-4
3.34E-4
3.34E-4
3.34E-4
3.33E-4
3.33E-4
3.35E-4
3.37E-4
3.33E-4
3.3E-4
3.33E-4
3.34E-4
3.34E-4
3.35E-4
3.35E-4
3.34E-4
3.34E-4
3.32E-4
3.3E-4
3.33E-4
3.35E-4
3.34E-4
3.34E-4
3.33E-4
3.3E-4
3.31E-4
3.32E-4
3.33E-4
3.34E-4
3.34E-4
3.34E-4
3.33E-4
3.33E-4
3.33E-4
3.31E-4
3.31E-4
3.34E-4
3.35E-4
3.34E-4
3.34E-4
3.35E-4
3.36E-4
3.34E-4
3.32E-4
3.33E-4
3.36E-4
3.36E-4
3.33E-4
3.33E-4
3.33E-4
3.31E-4
3.3E-4
3.33E-4
3.37E-4
3.37E-4
3.36E-4
3.35E-4
3.31E-4
3.29E-4
3.32E-4
3.33E-4
3.33E-4
3.32E-4
3.33E-4
3.34E-4
3.34E-4
3.33E-4
3.35E-4
3.35E-4
3.33E-4
3.32E-4
3.32E-4
3.35E-4
3.36E-4
3.34E-4
3.34E-4
3.35E-4
3.33E-4
3.3E-4
3.32E-4
3.31E-4
3.31E-4
3.33E-4
3.33E-4
3.32E-4
3.32E-4
3.34E-4
3.35E-4
3.33E-4
3.3E-4
3.3E-4
3.32E-4
3.34E-4
3.36E-4
3.36E-4
3.34E-4
3.33E-4
3.33E-4
3.33E-4
3.32E-4
3.31E-4
3.32E-4
3.33E-4
3.31E-4
3.34E-4
3.35E-4
3.35E-4
3.36E-4
3.34E-4
3.32E-4
3.33E-4
3.32E-4
3.34E-4
3.38E-4
3.36E-4
3.35E-4
3.36E-4
3.37E-4
3.35E-4
3.33E-4
3.32E-4
3.32E-4
3.32E-4
3.32E-4
3.32E-4
3.3E-4
3.33E-4
3.38E-4
3.39E-4
3.36E-4
3.34E-4
3.31E-4
3.31E-4
3.34E-4
3.34E-4
3.32E-4
3.34E-4
3.35E-4
3.34E-4
3.33E-4
3.34E-4
3.35E-4
3.34E-4
3.32E-4
3.31E-4
3.32E-4
3.33E-4
3.37E-4
3.39E-4
3.36E-4
3.34E-4
3.35E-4
3.34E-4
3.33E-4
3.35E-4
3.35E-4
3.34E-4
3.33E-4
3.35E-4
3.35E-4
3.34E-4
3.33E-4
3.31E-4
3.32E-4
3.35E-4
3.35E-4
3.33E-4
3.33E-4
3.35E-4
3.36E-4
3.35E-4
3.34E-4
3.35E-4
3.35E-4
3.35E-4
3.36E-4
3.33E-4
3.32E-4
3.35E-4
3.35E-4
3.35E-4
3.35E-4
3.32E-4
3.3E-4
3.31E-4
3.32E-4
3.33E-4
3.34E-4
3.33E-4
3.32E-4
3.34E-4
3.33E-4
3.34E-4
3.38E-4
3.35E-4
3.3E-4
3.33E-4
3.34E-4
3.32E-4
3.35E-4
3.35E-4
3.32E-4
3.31E-4
3.32E-4
3.34E-4
3.33E-4
3.34E-4
3.36E-4
3.34E-4
3.31E-4
3.32E-4
3.33E-4
3.33E-4
3.34E-4
3.33E-4
3.35E-4
3.37E-4
3.33E-4
3.32E-4
3.33E-4
3.33E-4
3.33E-4
3.34E-4
3.33E-4
3.33E-4
3.34E-4
3.35E-4
3.36E-4
3.34E-4
3.32E-4
3.31E-4
3.32E-4
3.35E-4
3.37E-4
3.36E-4
3.35E-4
3.34E-4
3.35E-4
3.35E-4
3.33E-4
3.32E-4
3.33E-4
3.31E-4
3.29E-4
3.33E-4
3.35E-4
3.35E-4
3.36E-4
3.35E-4
3.32E-4
3.29E-4
3.3E-4
3.32E-4
3.34E-4
3.33E-4
3.33E-4
3.35E-4
3.34E-4
3.34E-4
3.37E-4
3.35E-4
3.31E-4
3.3E-4
3.3E-4
3.3E-4
3.33E-4
3.36E-4
3.35E-4
3.34E-4
3.33E-4
3.32E-4
3.31E-4
3.32E-4
3.35E-4
3.35E-4
3.32E-4
3.33E-4
3.34E-4
3.33E-4
3.35E-4
3.37E-4
3.36E-4
3.36E-4
3.34E-4
3.3E-4
3.31E-4
3.32E-4
3.33E-4
3.35E-4
3.34E-4
3.34E-4
3.35E-4
3.34E-4
3.34E-4
3.34E-4
3.31E-4
3.31E-4
3.33E-4
3.34E-4
3.36E-4
3.36E-4
3.35E-4
3.34E-4
3.32E-4
3.31E-4
3.33E-4
3.33E-4
3.32E-4
3.32E-4
3.34E-4
3.34E-4
3.34E-4
3.35E-4
3.35E-4
3.33E-4
3.34E-4
3.35E-4
3.33E-4
3.34E-4
3.35E-4
3.33E-4
3.34E-4
3.33E-4
3.32E-4
3.32E-4
3.33E-4
3.34E-4
3.36E-4
3.35E-4
3.33E-4
3.34E-4
3.34E-4
3.33E-4
3.35E-4
3.35E-4
3.35E-4
3.35E-4
3.33E-4
3.33E-4
3.35E-4
3.34E-4
3.34E-4
3.33E-4
3.32E-4
3.33E-4
3.34E-4
3.35E-4
3.35E-4
3.35E-4
3.34E-4
3.33E-4
3.33E-4
3.35E-4
3.35E-4
3.33E-4
3.33E-4
3.32E-4
3.33E-4
3.34E-4
3.33E-4
3.34E-4
3.35E-4
3.33E-4
3.31E-4
3.32E-4
3.33E-4
3.34E-4
3.34E-4
3.31E-4
3.31E-4
3.33E-4
3.33E-4
3.35E-4
3.36E-4
3.33E-4
3.33E-4
3.35E-4
3.32E-4
3.32E-4
3.34E-4
3.32E-4
3.3E-4
3.34E-4
3.35E-4
3.31E-4
3.31E-4
3.34E-4
3.36E-4
3.36E-4
3.36E-4
3.37E-4
3.35E-4
3.34E-4
3.36E-4
3.36E-4
3.36E-4
3.35E-4
3.32E-4
3.33E-4
3.35E-4
3.36E-4
3.36E-4
3.35E-4
3.34E-4
3.35E-4
3.34E-4
3.34E-4
3.35E-4
3.34E-4
3.32E-4
3.33E-4
3.37E-4
3.38E-4
3.37E-4
3.36E-4
3.34E-4
3.32E-4
3.32E-4
3.34E-4
3.34E-4
3.33E-4
3.33E-4
3.32E-4
3.33E-4
3.36E-4
3.37E-4
3.35E-4
3.34E-4
3.32E-4
3.32E-4
3.34E-4
3.33E-4
3.33E-4
3.33E-4
3.33E-4
3.34E-4
3.37E-4
3.36E-4
3.33E-4
3.33E-4
3.34E-4
3.34E-4
3.31E-4
3.28E-4
3.31E-4
3.33E-4
3.32E-4
3.34E-4
3.35E-4
3.34E-4
3.36E-4
3.35E-4
3.34E-4
3.35E-4
3.35E-4
3.33E-4
3.32E-4
3.31E-4
3.31E-4
3.33E-4
3.33E-4
3.34E-4
3.35E-4
3.36E-4
3.35E-4
3.35E-4
3.34E-4
3.33E-4
3.34E-4
3.35E-4
3.34E-4
3.34E-4
3.34E-4
3.34E-4
3.35E-4
3.34E-4
3.33E-4
3.32E-4
3.31E-4
3.32E-4
3.34E-4
3.33E-4
3.3E-4
3.32E-4
3.34E-4
3.35E-4
3.36E-4
3.35E-4
3.34E-4
3.34E-4
3.34E-4
3.34E-4
3.33E-4
3.34E-4
3.34E-4
3.33E-4
3.32E-4
3.33E-4
3.33E-4
3.32E-4
3.33E-4
3.36E-4
3.35E-4
3.32E-4
3.34E-4
3.34E-4
3.34E-4
3.35E-4
3.34E-4
3.32E-4
3.32E-4
3.34E-4
3.35E-4
3.36E-4
3.35E-4
3.34E-4
3.35E-4
3.34E-4
3.34E-4
3.36E-4
3.35E-4
3.35E-4
3.35E-4
3.32E-4
3.33E-4
3.35E-4
3.36E-4
3.38E-4
3.36E-4
3.33E-4
3.35E-4
3.39E-4
3.38E-4
3.36E-4
3.35E-4
3.34E-4
3.32E-4
3.32E-4
3.35E-4
3.37E-4
3.38E-4
3.39E-4
3.34E-4
3.31E-4
3.33E-4
3.33E-4
3.33E-4
3.36E-4
3.35E-4
3.33E-4
3.36E-4
3.38E-4
3.37E-4
3.36E-4
3.34E-4
3.34E-4
3.33E-4
3.32E-4
3.33E-4
3.35E-4
3.35E-4
3.35E-4
3.33E-4
3.31E-4
3.34E-4
3.34E-4
3.32E-4
3.34E-4
3.34E-4
3.33E-4
3.34E-4
3.37E-4
3.37E-4
3.36E-4
3.35E-4
3.32E-4
3.3E-4
3.32E-4
3.35E-4
3.36E-4
3.36E-4
3.37E-4
3.34E-4
3.3E-4
3.32E-4
3.33E-4
3.32E-4
3.33E-4
3.36E-4
3.36E-4
3.36E-4
3.38E-4
3.37E-4
3.34E-4
3.33E-4
3.33E-4
3.34E-4
3.33E-4
3.34E-4
3.35E-4
3.38E-4
3.38E-4
3.33E-4
3.31E-4
3.31E-4
3.3E-4
3.33E-4
3.36E-4
3.36E-4
3.36E-4
3.36E-4
3.36E-4
3.36E-4
3.34E-4
3.32E-4
3.33E-4
3.33E-4
3.33E-4
3.35E-4
3.34E-4
3.33E-4
3.33E-4
3.32E-4
3.29E-4
3.31E-4
3.34E-4
3.35E-4
3.35E-4
3.36E-4
3.35E-4
3.34E-4
3.34E-4
3.35E-4
3.36E-4
3.33E-4
3.32E-4
3.35E-4
3.33E-4
3.31E-4
3.34E-4
3.36E-4
3.35E-4
3.32E-4
3.31E-4
3.33E-4
3.35E-4
3.34E-4
3.34E-4
3.35E-4
3.36E-4
3.35E-4
3.33E-4
3.34E-4
3.35E-4
3.34E-4
3.34E-4
3.34E-4
3.35E-4
3.36E-4
3.37E-4
3.36E-4
3.33E-4
3.33E-4
3.35E-4
3.36E-4
3.36E-4
3.35E-4
3.35E-4
3.36E-4
3.35E-4
3.34E-4
3.34E-4
3.35E-4
3.35E-4
3.35E-4
3.34E-4
3.33E-4
3.36E-4
3.39E-4
3.38E-4
3.36E-4
3.34E-4
3.29E-4
3.28E-4
3.33E-4
3.36E-4
3.37E-4
3.39E-4
3.39E-4
3.37E-4
3.35E-4
3.31E-4
3.34E-4
3.36E-4
3.35E-4
3.34E-4
3.35E-4
3.36E-4
3.38E-4
3.36E-4
3.33E-4
3.33E-4
3.32E-4
3.33E-4
3.36E-4
3.37E-4
3.37E-4
3.39E-4
3.36E-4
3.33E-4
3.32E-4
3.32E-4
3.35E-4
3.37E-4
3.35E-4
3.36E-4
3.36E-4
3.33E-4
3.33E-4
3.34E-4
3.33E-4
3.32E-4
3.32E-4
3.33E-4
3.36E-4
3.35E-4
3.19E-4
2.85E-4
2.43E-4
2.24E-4
2.77E-4
4.78E-4
7.34E-4
6.55E-4
3E-4
2.56E-4
3.64E-4
9.2E-5
-9.25E-4
-0.00371
-0.0086
-0.01361
-0.0168
-0.0185
-0.01918
-0.01819
-0.01538
-0.01125
-0.00609
-5.72E-4
0.0044
0.00851
0.01176
0.01366
0.01448
0.01472
0.00954
-0.00375
-0.01587
-0.02059
-0.02277
-0.02684
-0.03084
-0.03149
-0.03015
-0.02809
-0.02574
-0.02412
-0.02191
-0.01794
-0.0128
-0.00824
-0.00541
-0.00383
-0.00407
-0.00646
-0.00869
-0.00818
-0.00477
2.62E-4
0.00495
0.00621
0.00756
0.0122
0.01231
0.00884
0.008
0.00759
0.00825
0.00962
0.00996
0.0106
0.0108
0.00991
0.00886
0.00809
0.00729
0.00632
0.00547
0.00446
0.00329
0.00282
0.00369
0.00563
0.00803
0.01061
0.01317
0.01524
0.01654
0.01735
0.01814
0.01921
0.02049
0.022
0.02332
0.02272
0.02018
0.01753
0.01495
0.01277
0.01155
0.0105
0.00941
0.00852
0.00791
0.00764
0.00739
0.00688
0.00596
0.00463
0.00288
9.23E-4
-4.92E-4
-2.35E-4
0.00209
0.00543
0.00843
0.01105
0.01398
0.01681
0.01859
0.01896
0.01725
0.01306
0.00718
0.00164
-6.08E-4
5.85E-4
0.00247
0.00342
7.6E-4
-0.00701
-0.01287
-0.01216
-0.01031
-0.00881
-0.00583
-0.00324
-0.00158
-3.91E-4
-8.3E-5
-4.94E-4
-0.00114
-0.00147
-0.00156
-0.00281
-0.00427
-0.0037
-0.00273
-0.00301
-0.00447
-0.0072
-0.00986
-0.01076
-0.00958
-0.00788
-0.00653
-0.00517
-0.00413
-0.00322
-0.00208
-0.00111
-4.45E-4
2.3E-5
3.61E-4
5.92E-4
4.51E-4
7.6E-5
1.35E-4
8.71E-4
0.00201
0.00286
0.00175
-0.00184
-0.0042
-0.0031
-0.00177
-0.00133
-4.51E-4
4.1E-5
-1.14E-4
-2.78E-4
-3.05E-4
-1.81E-4
9.3E-5
4.52E-4
7.7E-4
0.001
0.00119
0.00136
0.00166
0.00214
0.00261
0.00271
0.0023
0.00162
9.86E-4
5.39E-4
4.46E-4
7.77E-4
0.00139
0.0021
0.00279
0.00349
0.00421
0.00495
0.00577
0.00657
0.00699
0.00693
0.00651
0.00559
0.00407
0.00234
7.56E-4
-8.02E-4
-0.00177
-0.00139
-7.82E-4
-9.99E-4
-0.00213
-0.00476
-0.00886
-0.01283
-0.01467
-0.01377
-0.01108
-0.00768
-0.0044
-0.0019
-4.1E-4
3.45E-4
0.00135
0.00319
0.0055
0.00809
0.00911
0.0032
-0.00825
-0.01335
-0.01187
-0.01332
-0.01548
-0.01553
-0.01618
-0.01768
-0.01965
-0.02167
-0.02276
-0.02215
-0.01942
-0.01477
-0.0091
-0.0031
0.00246
0.0069
0.01041
0.01084
0.006
0.00188
-3.51E-4
-0.00728
-0.01024
-0.00794
-0.01415
-0.01866
-0.01257
-0.00925
-0.00987
-0.00751
-0.00502
-0.00448
-0.00361
-0.00172
0.00335
0.01269
0.01861
0.01945
0.02198
0.02353
0.02217
0.0254
0.03544
0.04349
0.04158
0.03441
0.03031
0.03179
0.03645
0.03789
0.02872
0.00481
-0.01545
-0.01358
-0.00987
-0.01539
-0.01631
-0.01082
-0.0042
0.00188
0.00737
0.00804
0.00469
0.0021
-2.8E-4
-0.00233
-0.00314
-0.00289
-0.00225
-0.00171
-0.00104
-3.26E-4
1.31E-4
8.28E-4
0.00235
0.00465
0.00729
0.00828
0.00447
-0.00125
-0.00249
-0.00235
-0.00484
-0.00623
-0.00582
-0.00549
-0.00499
-0.00426
-0.0037
-0.00347
-0.00338
-0.00301
-0.00201
-4.12E-4
0.00125
0.00231
0.00233
0.00136
4.43E-4
3.15E-4
3.53E-4
3.16E-4
6.07E-4
0.00104
0.00145
0.00188
0.00234
0.00284
0.00342
0.00402
0.00444
0.00453
0.0043
0.00383
0.00332
0.00294
0.00268
0.00228
2.84E-4
-0.00396
-0.00621
-0.00429
-0.00284
-0.00275
-0.00167
-5.99E-4
-1.14E-4
1.96E-4
2.08E-4
-7.2E-5
-4.83E-4
-8.58E-4
-0.00109
-0.00114
-0.00101
-7.34E-4
-3.34E-4
1.75E-4
7.73E-4
0.00144
0.00213
0.00272
0.00278
0.001
-0.0024
-0.00378
-0.00271
-0.00267
-0.00315
-0.00274
-0.00235
-0.00209
-0.00171
-0.00134
-9.73E-4
-6.21E-4
-2.98E-4
-1.6E-5
2.27E-4
4.43E-4
6.23E-4
7.54E-4
7.88E-4
6.62E-4
5.06E-4
7.04E-4
0.0015
0.00261
0.00283
9.04E-4
-0.00142
-0.00267
-0.00484
-0.00814
-0.01091
-0.01219
-0.01124
-0.00871
-0.00584
-0.00365
-0.00315
-0.00447
-0.0063
-0.00683
-0.00511
-0.00149
0.00286
0.00695
0.01002
0.01149
0.01135
0.01018
0.0084
0.00634
0.00477
0.0041
0.00342
0.00172
-0.00111
-0.00478
-0.00839
-0.01043
-0.00997
-0.00738
-0.00383
-4.26E-4
0.0021
0.00312
0.00154
-0.00186
-0.0015
0.00404
0.00868
0.01088
0.00996
-0.00141
-0.01927
-0.02644
-0.02485
-0.02678
-0.0284
-0.02622
-0.02369
-0.02168
-0.02002
-0.0187
-0.01717
-0.01506
-0.01227
-0.00865
-0.00437
-1.66E-4
0.00358
0.00688
0.00984
0.01177
0.01037
0.00703
0.00563
0.00519
0.00472
0.00538
0.00618
0.00586
0.00517
0.00497
0.00519
0.00641
0.00903
0.01216
0.01524
0.01828
0.01995
0.01896
0.01689
0.01538
0.01405
0.01274
0.01176
0.01108
0.01074
0.01077
0.01098
0.01116
0.01123
0.01123
0.01116
0.01099
0.01071
0.01031
0.00971
0.00893
0.00802
0.00683
0.00489
0.00308
0.00319
0.00426
0.004
0.00152
-0.00193
-0.00302
-0.00262
-0.00323
-0.00332
-0.00343
-0.00425
-0.00413
-0.00369
-0.00369
-0.00345
-0.00295
-0.00251
-0.00207
-0.00164
-0.00121
-7.7E-4
-3.35E-4
1.9E-5
2.1E-4
2.43E-4
2.35E-4
2.99E-4
1.09E-4
-0.00148
-0.00392
-0.00413
-0.00267
-0.00241
-0.00234
-0.00156
-9.41E-4
-4.88E-4
-8E-5
2.04E-4
4.26E-4
6.27E-4
7.97E-4
8.5E-4
2.78E-4
-0.00164
-0.00355
-0.00336
-0.00255
-0.00262
-0.00236
-0.00173
-0.00133
-9.62E-4
-6.04E-4
-2.71E-4
6.7E-5
3.87E-4
6.64E-4
8.84E-4
0.00103
0.0011
0.0011
0.00106
0.00103
9.92E-4
6.12E-4
-2.1E-4
-5.1E-4
8E-5
4.65E-4
5.24E-4
7.84E-4
9.59E-4
5.33E-4
-6.07E-4
-0.00124
-8.26E-4
-8.91E-4
-0.00141
-0.00132
-0.00114
-0.00113
-9.06E-4
-5.93E-4
-2.92E-4
1.9E-5
2.28E-4
2.82E-4
2.58E-4
2.06E-4
1.15E-4
5E-6
-8.6E-5
-1.66E-4
-2.34E-4
-2.57E-4
-2.26E-4
-1.97E-4
-2.22E-4
-2.99E-4
-4.12E-4
-5.48E-4
-6.76E-4
-7.57E-4
-7.66E-4
-7.03E-4
-5.66E-4
-3.7E-4
-1.78E-4
-1.2E-5
1.59E-4
3.37E-4
5.14E-4
6.52E-4
4.8E-4
-1.69E-4
-5.2E-4
-2.36E-4
-2.67E-4
-4.41E-4
-1.82E-4
3.5E-5
1.81E-4
3.27E-4
3.29E-4
2.72E-4
1.48E-4
-1.2E-5
-1.31E-4
-1.97E-4
-2.15E-4
-1.85E-4
-1.03E-4
4E-6
1.11E-4
1.92E-4
2.22E-4
2.01E-4
1.48E-4
7.9E-5
2.2E-5
-1.5E-5
-5E-5
-7.4E-5
-6.4E-5
-3.4E-5
4E-6
6.2E-5
1.41E-4
2.12E-4
2.55E-4
2.57E-4
2.23E-4
1.69E-4
1.11E-4
6.1E-5
3E-5
2.6E-5
4.3E-5
7.2E-5
1.08E-4
1.44E-4
1.78E-4
2.07E-4
2.27E-4
2.42E-4
2.41E-4
2.18E-4
1.82E-4
1.35E-4
8.7E-5
6.2E-5
6.7E-5
1E-4
1.57E-4
2.24E-4
2.82E-4
3.11E-4
3.08E-4
2.67E-4
1.96E-4
1.26E-4
7.1E-5
3.7E-5
3.7E-5
7.1E-5
1.34E-4
2.27E-4
3.28E-4
4.11E-4
4.54E-4
4.42E-4
3.78E-4
2.86E-4
1.93E-4
1.11E-4
5.2E-5
2.9E-5
4.2E-5
9.3E-5
1.78E-4
2.68E-4
3.47E-4
4.03E-4
4.09E-4
3.66E-4
2.97E-4
2.25E-4
1.66E-4
1.37E-4
1.43E-4
1.67E-4
2.03E-4
2.52E-4
2.99E-4
3.32E-4
3.49E-4
3.45E-4
3.21E-4
2.8E-4
2.33E-4
1.92E-4
1.73E-4
1.83E-4
2.17E-4
2.64E-4
3.14E-4
3.53E-4
3.74E-4
3.79E-4
3.67E-4
3.33E-4
2.86E-4
2.39E-4
1.95E-4
1.65E-4
1.63E-4
1.82E-4
2.16E-4
2.61E-4
3.09E-4
3.54E-4
3.86E-4
4.01E-4
3.96E-4
3.73E-4
3.35E-4
2.9E-4
2.48E-4
2.17E-4
2.01E-4
2.03E-4
2.22E-4
2.53E-4
2.94E-4
3.37E-4
3.66E-4
3.7E-4
3.54E-4
3.31E-4
3.08E-4
2.87E-4
2.72E-4
2.65E-4
2.66E-4
2.74E-4
2.91E-4
3.12E-4
3.31E-4
3.45E-4
3.42E-4
3.19E-4
2.9E-4
2.65E-4
2.48E-4
2.42E-4
2.46E-4
2.63E-4
2.93E-4
3.25E-4
3.58E-4
3.87E-4
3.94E-4
3.78E-4
3.45E-4
3.05E-4
2.67E-4
2.38E-4
2.23E-4
2.32E-4
2.6E-4
2.98E-4
3.4E-4
3.77E-4
4.01E-4
4.05E-4
3.92E-4
3.66E-4
3.29E-4
2.93E-4
2.65E-4
2.51E-4
2.52E-4
2.67E-4
2.95E-4
3.27E-4
3.55E-4
3.68E-4
3.65E-4
3.54E-4
3.37E-4
3.16E-4
2.99E-4
2.88E-4
2.84E-4
2.9E-4
3.03E-4
3.21E-4
3.4E-4
3.48E-4
3.46E-4
3.4E-4
3.31E-4
3.21E-4
3.13E-4
3.07E-4
2.98E-4
2.91E-4
2.92E-4
3.01E-4
3.16E-4
3.31E-4
3.42E-4
3.48E-4
3.51E-4
3.55E-4
3.55E-4
3.45E-4
3.32E-4
3.16E-4
3.01E-4
2.95E-4
2.94E-4
2.93E-4
2.99E-4
3.06E-4
3.16E-4
3.33E-4
3.5E-4
3.65E-4
3.73E-4
3.69E-4
3.58E-4
3.43E-4
3.26E-4
3.12E-4
3.03E-4
2.96E-4
2.97E-4
3.05E-4
3.17E-4
3.35E-4
3.51E-4
3.56E-4
3.54E-4
3.49E-4
3.41E-4
3.32E-4
3.21E-4
3.08E-4
3E-4
3E-4
3.08E-4
3.19E-4
3.34E-4
3.48E-4
3.56E-4
3.58E-4
3.52E-4
3.35E-4
3.23E-4
3.17E-4
3.1E-4
3.09E-4
3.13E-4
3.21E-4
3.33E-4
3.46E-4
3.54E-4
3.6E-4
3.59E-4
3.48E-4
3.35E-4
3.22E-4
3.1E-4
3.05E-4
3.04E-4
3.04E-4
3.15E-4
3.29E-4
3.42E-4
3.54E-4
3.6E-4
3.56E-4
3.46E-4
3.34E-4
3.22E-4
3.16E-4
3.13E-4
3.14E-4
3.17E-4
3.18E-4
3.22E-4
3.33E-4
3.41E-4
3.47E-4
3.47E-4
3.41E-4
3.34E-4
3.3E-4
3.28E-4
3.27E-4
3.28E-4
3.29E-4
3.3E-4
3.33E-4
3.4E-4
3.49E-4
3.48E-4
3.39E-4
3.27E-4
3.15E-4
3.09E-4
3.1E-4
3.15E-4
3.25E-4
3.36E-4
3.41E-4
3.45E-4
3.52E-4
3.58E-4
3.58E-4
3.49E-4
3.38E-4
3.27E-4
3.18E-4
3.15E-4
3.17E-4
3.19E-4
3.22E-4
3.27E-4
3.33E-4
3.42E-4
3.48E-4
3.49E-4
3.5E-4
3.45E-4
3.35E-4
3.27E-4
3.21E-4
3.21E-4
3.26E-4
3.29E-4
3.29E-4
3.29E-4
3.31E-4
3.37E-4
3.43E-4
3.43E-4
3.36E-4
3.28E-4
3.25E-4
3.24E-4
3.25E-4
3.36E-4
3.47E-4
3.49E-4
3.47E-4
3.48E-4
3.45E-4
3.39E-4
3.34E-4
3.27E-4
3.16E-4
3.09E-4
3.09E-4
3.15E-4
3.26E-4
3.36E-4
3.46E-4
3.52E-4
3.56E-4
3.6E-4
3.57E-4
3.47E-4
3.36E-4
3.24E-4
3.15E-4
3.12E-4
3.15E-4
3.23E-4
3.33E-4
3.4E-4
3.46E-4
3.48E-4
3.43E-4
3.38E-4
3.33E-4
3.27E-4
3.28E-4
3.28E-4
3.26E-4
3.29E-4
3.35E-4
3.39E-4
3.42E-4
3.43E-4
3.39E-4
3.32E-4
3.26E-4
3.25E-4
3.27E-4
3.27E-4
3.26E-4
3.29E-4
3.3E-4
3.32E-4
3.4E-4
3.45E-4
3.46E-4
3.45E-4
3.42E-4
3.38E-4
3.34E-4
3.31E-4
3.31E-4
3.27E-4
3.22E-4
3.24E-4
3.27E-4
3.29E-4
3.36E-4
3.4E-4
3.39E-4
3.38E-4
3.37E-4
3.39E-4
3.41E-4
3.4E-4
3.37E-4
3.35E-4
3.32E-4
3.31E-4
3.34E-4
3.35E-4
3.35E-4
3.37E-4
3.36E-4
3.35E-4
3.35E-4
3.34E-4
3.3E-4
3.28E-4
3.32E-4
3.37E-4
3.38E-4
3.4E-4
3.41E-4
3.38E-4
3.37E-4
3.37E-4
3.33E-4
3.27E-4
3.25E-4
3.25E-4
3.25E-4
3.26E-4
3.32E-4
3.4E-4
3.42E-4
3.41E-4
3.42E-4
3.38E-4
3.33E-4
3.3E-4
3.27E-4
3.24E-4
3.23E-4
3.23E-4
3.3E-4
3.37E-4
3.39E-4
3.42E-4
3.43E-4
3.38E-4
3.32E-4
3.27E-4
3.23E-4
3.23E-4
3.27E-4
3.32E-4
3.39E-4
3.46E-4
3.49E-4
3.48E-4
3.43E-4
3.38E-4
3.32E-4
3.28E-4
3.25E-4
3.2E-4
3.16E-4
3.21E-4
3.28E-4
3.36E-4
3.43E-4
3.45E-4
3.46E-4
3.46E-4
3.41E-4
3.37E-4
3.37E-4
3.34E-4
3.31E-4
3.29E-4
3.28E-4
3.28E-4
3.3E-4
3.34E-4
3.36E-4
3.35E-4
3.32E-4
3.3E-4
3.3E-4
3.31E-4
3.33E-4
3.37E-4
3.41E-4
3.45E-4
3.45E-4
3.44E-4
3.42E-4
3.37E-4
3.34E-4
3.3E-4
3.26E-4
3.25E-4
3.26E-4
3.27E-4
3.31E-4
3.36E-4
3.4E-4
3.43E-4
3.45E-4
3.44E-4
3.43E-4
3.41E-4
3.37E-4
3.33E-4
3.28E-4
3.24E-4
3.24E-4
3.27E-4
3.33E-4
3.39E-4
3.39E-4
3.38E-4
3.37E-4
3.35E-4
3.33E-4
3.31E-4
3.3E-4
3.3E-4
3.32E-4
3.37E-4
3.39E-4
3.39E-4
3.38E-4
3.36E-4
3.34E-4
3.31E-4
3.28E-4
3.27E-4
3.27E-4
3.29E-4
3.27E-4
3.28E-4
3.35E-4
3.42E-4
3.45E-4
3.43E-4
3.4E-4
3.37E-4
3.33E-4
3.3E-4
3.3E-4
3.3E-4
3.31E-4
3.31E-4
3.31E-4
3.34E-4
3.37E-4
3.36E-4
3.36E-4
3.37E-4
3.36E-4
3.35E-4
3.37E-4
3.37E-4
3.36E-4
3.37E-4
3.36E-4
3.38E-4
3.41E-4
3.4E-4
3.38E-4
3.36E-4
3.33E-4
3.3E-4
3.28E-4
3.27E-4
3.27E-4
3.29E-4
3.36E-4
3.43E-4
3.44E-4
3.43E-4
3.42E-4
3.39E-4
3.37E-4
3.34E-4
3.27E-4
3.22E-4
3.22E-4
3.27E-4
3.33E-4
3.36E-4
3.39E-4
3.42E-4
3.41E-4
3.39E-4
3.38E-4
3.36E-4
3.3E-4
3.25E-4
3.25E-4
3.27E-4
3.31E-4
3.37E-4
3.4E-4
3.4E-4
3.4E-4
3.38E-4
3.36E-4
3.34E-4
3.3E-4
3.27E-4
3.26E-4
3.28E-4
3.32E-4
3.37E-4
3.45E-4
3.5E-4
3.48E-4
3.41E-4
3.35E-4
3.34E-4
3.32E-4
3.28E-4
3.26E-4
3.25E-4
3.25E-4
3.28E-4
3.34E-4
3.41E-4
3.46E-4
3.45E-4
3.43E-4
3.42E-4
3.36E-4
3.31E-4
3.29E-4
3.27E-4
3.26E-4
3.27E-4
3.29E-4
3.36E-4
3.42E-4
3.44E-4
3.45E-4
3.42E-4
3.37E-4
3.34E-4
3.3E-4
3.26E-4
3.25E-4
3.26E-4
3.29E-4
3.34E-4
3.36E-4
3.4E-4
3.44E-4
3.44E-4
3.43E-4
3.43E-4
3.37E-4
3.31E-4
3.26E-4
3.22E-4
3.22E-4
3.24E-4
3.25E-4
3.3E-4
3.4E-4
3.46E-4
3.47E-4
3.48E-4
3.46E-4
3.42E-4
3.38E-4
3.33E-4
3.27E-4
3.24E-4
3.25E-4
3.24E-4
3.27E-4
3.34E-4
3.38E-4
3.42E-4
3.45E-4
3.43E-4
3.37E-4
3.34E-4
3.31E-4
3.31E-4
3.32E-4
3.32E-4
3.33E-4
3.36E-4
3.38E-4
3.39E-4
3.38E-4
3.33E-4
3.29E-4
3.27E-4
3.28E-4
3.32E-4
3.35E-4
3.35E-4
3.35E-4
3.37E-4
3.39E-4
3.4E-4
3.38E-4
3.36E-4
3.37E-4
3.4E-4
3.42E-4
3.4E-4
3.32E-4
3.26E-4
3.27E-4
3.3E-4
3.28E-4
3.29E-4
3.31E-4
3.33E-4
3.36E-4
3.37E-4
3.37E-4
3.38E-4
3.38E-4
3.39E-4
3.39E-4
3.36E-4
3.35E-4
3.33E-4
3.29E-4
3.26E-4
3.24E-4
3.27E-4
3.34E-4
3.37E-4
3.41E-4
3.43E-4
3.4E-4
3.38E-4
3.36E-4
3.35E-4
3.34E-4
3.33E-4
3.31E-4
3.32E-4
3.34E-4
3.35E-4
3.38E-4
3.38E-4
3.39E-4
3.41E-4
3.4E-4
3.37E-4
3.36E-4
3.34E-4
3.28E-4
3.23E-4
3.23E-4
3.27E-4
3.36E-4
3.44E-4
3.48E-4
3.46E-4
3.41E-4
3.38E-4
3.35E-4
3.32E-4
3.32E-4
3.32E-4
3.29E-4
3.3E-4
3.33E-4
3.36E-4
3.39E-4
3.42E-4
3.43E-4
3.41E-4
3.39E-4
3.34E-4
3.31E-4
3.29E-4
3.27E-4
3.27E-4
3.3E-4
3.36E-4
3.41E-4
3.4E-4
3.39E-4
3.4E-4
3.38E-4
3.33E-4
3.29E-4
3.28E-4
3.31E-4
3.32E-4
3.34E-4
3.36E-4
3.37E-4
3.4E-4
3.41E-4
3.36E-4
3.3E-4
3.27E-4
3.26E-4
3.27E-4
3.31E-4
3.35E-4
3.4E-4
3.41E-4
3.41E-4
3.41E-4
3.38E-4
3.35E-4
3.33E-4
3.31E-4
3.28E-4
3.26E-4
3.25E-4
3.27E-4
3.31E-4
3.35E-4
3.4E-4
3.42E-4
3.4E-4
3.38E-4
3.37E-4
3.34E-4
3.31E-4
3.31E-4
3.31E-4
3.33E-4
3.35E-4
3.37E-4
3.39E-4
3.39E-4
3.38E-4
3.38E-4
3.36E-4
3.34E-4
3.34E-4
3.33E-4
3.31E-4
3.31E-4
3.29E-4
3.3E-4
3.32E-4
3.34E-4
3.4E-4
3.45E-4
3.47E-4
3.47E-4
3.44E-4
3.4E-4
3.35E-4
3.31E-4
3.28E-4
3.25E-4
3.22E-4
3.21E-4
3.24E-4
3.31E-4
3.4E-4
3.45E-4
3.48E-4
3.48E-4
3.45E-4
3.41E-4
3.38E-4
3.32E-4
3.26E-4
3.22E-4
3.21E-4
3.26E-4
3.35E-4
3.41E-4
3.46E-4
3.47E-4
3.41E-4
3.36E-4
3.31E-4
3.29E-4
3.32E-4
3.31E-4
3.32E-4
3.36E-4
3.37E-4
3.37E-4
3.39E-4
3.38E-4
3.34E-4
3.34E-4
3.34E-4
3.35E-4
3.36E-4
3.37E-4
3.36E-4
3.34E-4
3.31E-4
3.3E-4
3.32E-4
3.36E-4
3.37E-4
3.38E-4
3.4E-4
3.41E-4
3.38E-4
3.35E-4
3.33E-4
3.29E-4
3.27E-4
3.3E-4
3.34E-4
3.37E-4
3.37E-4
3.37E-4
3.37E-4
3.38E-4
3.4E-4
3.41E-4
3.37E-4
3.34E-4
3.32E-4
3.27E-4
3.28E-4
3.33E-4
3.35E-4
3.36E-4
3.38E-4
3.39E-4
3.41E-4
3.41E-4
3.35E-4
3.31E-4
3.3E-4
3.28E-4
3.29E-4
3.29E-4
3.29E-4
3.32E-4
3.33E-4
3.38E-4
3.44E-4
3.44E-4
3.41E-4
3.36E-4
3.31E-4
3.29E-4
3.3E-4
3.34E-4
3.35E-4
3.32E-4
3.29E-4
3.29E-4
3.35E-4
3.42E-4
3.46E-4
3.46E-4
3.39E-4
3.33E-4
3.3E-4
3.27E-4
3.27E-4
3.3E-4
3.3E-4
3.3E-4
3.32E-4
3.37E-4
3.43E-4
3.45E-4
3.42E-4
3.38E-4
3.33E-4
3.28E-4
3.23E-4
3.24E-4
3.28E-4
3.32E-4
3.38E-4
3.43E-4
3.44E-4
3.42E-4
3.4E-4
3.35E-4
3.32E-4
3.29E-4
3.24E-4
3.23E-4
3.26E-4
3.3E-4
3.37E-4
3.46E-4
3.49E-4
3.48E-4
3.44E-4
3.37E-4
3.32E-4
3.29E-4
3.24E-4
3.24E-4
3.26E-4
3.26E-4
3.3E-4
3.35E-4
3.36E-4
3.41E-4
3.45E-4
3.44E-4
3.43E-4
3.4E-4
3.35E-4
3.33E-4
3.29E-4
3.26E-4
3.28E-4
3.32E-4
3.32E-4
3.32E-4
3.32E-4
3.33E-4
3.37E-4
3.41E-4
3.43E-4
3.41E-4
3.36E-4
3.32E-4
3.3E-4
3.26E-4
3.27E-4
3.3E-4
3.29E-4
3.3E-4
3.37E-4
3.44E-4
3.5E-4
3.48E-4
3.38E-4
3.29E-4
3.26E-4
3.25E-4
3.27E-4
3.33E-4
3.39E-4
3.39E-4
3.38E-4
3.35E-4
3.31E-4
3.32E-4
3.33E-4
3.31E-4
3.31E-4
3.33E-4
3.33E-4
3.36E-4
3.39E-4
3.39E-4
3.39E-4
3.35E-4
3.3E-4
3.3E-4
3.31E-4
3.3E-4
3.33E-4
3.34E-4
3.31E-4
3.3E-4
3.32E-4
3.34E-4
3.36E-4
3.38E-4
3.4E-4
3.4E-4
3.36E-4
3.34E-4
3.33E-4
3.31E-4
3.3E-4
3.32E-4
3.31E-4
3.3E-4
3.32E-4
3.3E-4
3.3E-4
3.34E-4
3.36E-4
3.36E-4
3.38E-4
3.37E-4
3.34E-4
3.31E-4
3.3E-4
3.29E-4
3.31E-4
3.36E-4
3.38E-4
3.37E-4
3.37E-4
3.35E-4
3.3E-4
3.32E-4
3.34E-4
3.33E-4
3.33E-4
3.35E-4
3.34E-4
3.32E-4
3.34E-4
3.35E-4
3.33E-4
3.32E-4
3.33E-4
3.33E-4
3.33E-4
3.37E-4
3.4E-4
3.38E-4
3.37E-4
3.35E-4
3.29E-4
3.28E-4
3.28E-4
3.27E-4
3.3E-4
3.36E-4
3.39E-4
3.4E-4
3.39E-4
3.38E-4
3.39E-4
3.37E-4
3.34E-4
3.32E-4
3.28E-4
3.26E-4
3.25E-4
3.27E-4
3.33E-4
3.37E-4
3.36E-4
3.4E-4
3.4E-4
3.35E-4
3.33E-4
3.3E-4
3.27E-4
3.27E-4
3.29E-4
3.32E-4
3.36E-4
3.39E-4
3.39E-4
3.38E-4
3.35E-4
3.32E-4
3.3E-4
3.28E-4
3.29E-4
3.3E-4
3.32E-4
3.36E-4
3.42E-4
3.45E-4
3.42E-4
3.39E-4
3.36E-4
3.3E-4
3.27E-4
3.27E-4
3.29E-4
3.29E-4
3.28E-4
3.3E-4
3.36E-4
3.42E-4
3.47E-4
3.48E-4
3.45E-4
3.4E-4
3.34E-4
3.28E-4
3.24E-4
3.23E-4
3.28E-4
3.32E-4
3.35E-4
3.4E-4
3.42E-4
3.4E-4
3.39E-4
3.37E-4
3.31E-4
3.27E-4
3.27E-4
3.3E-4
3.34E-4
3.38E-4
3.4E-4
3.41E-4
3.4E-4
3.37E-4
3.33E-4
3.29E-4
3.29E-4
3.29E-4
3.3E-4
3.35E-4
3.38E-4
3.38E-4
3.42E-4
3.41E-4
3.37E-4
3.34E-4
3.29E-4
3.26E-4
3.26E-4
3.27E-4
3.31E-4
3.34E-4
3.37E-4
3.39E-4
3.4E-4
3.39E-4
3.37E-4
3.36E-4
3.38E-4
3.39E-4
3.35E-4
3.29E-4
3.27E-4
3.27E-4
3.27E-4
3.28E-4
3.32E-4
3.38E-4
3.4E-4
3.37E-4
3.38E-4
3.37E-4
3.31E-4
3.28E-4
3.29E-4
3.3E-4
3.32E-4
3.34E-4
3.34E-4
3.36E-4
3.37E-4
3.37E-4
3.36E-4
3.33E-4
3.31E-4
3.3E-4
3.29E-4
3.28E-4
3.29E-4
3.33E-4
3.36E-4
3.36E-4
3.38E-4
3.41E-4
3.41E-4
3.41E-4
3.41E-4
3.35E-4
3.27E-4
3.23E-4
3.22E-4
3.23E-4
3.29E-4
3.34E-4
3.41E-4
3.46E-4
3.43E-4
3.41E-4
3.4E-4
3.34E-4
3.29E-4
3.27E-4
3.24E-4
3.24E-4
3.27E-4
3.28E-4
3.34E-4
3.39E-4
3.39E-4
3.38E-4
3.38E-4
3.36E-4
3.35E-4
3.31E-4
3.27E-4
3.26E-4
3.25E-4
3.26E-4
3.3E-4
3.35E-4
3.38E-4
3.38E-4
3.38E-4
3.38E-4
3.35E-4
3.34E-4
3.35E-4
3.32E-4
3.26E-4
3.24E-4
3.27E-4
3.31E-4
3.35E-4
3.36E-4
3.39E-4
3.41E-4
3.4E-4
3.4E-4
3.39E-4
3.34E-4
3.3E-4
3.28E-4
3.26E-4
3.28E-4
3.32E-4
3.35E-4
3.38E-4
3.38E-4
3.39E-4
3.39E-4
3.35E-4
3.33E-4
3.33E-4
3.3E-4
3.3E-4
3.31E-4
3.31E-4
3.35E-4
3.41E-4
3.4E-4
3.37E-4
3.35E-4
3.31E-4
3.3E-4
3.28E-4
3.27E-4
3.29E-4
3.32E-4
3.35E-4
3.36E-4
3.36E-4
3.39E-4
3.41E-4
3.4E-4
3.37E-4
3.32E-4
3.28E-4
3.28E-4
3.27E-4
3.26E-4
3.31E-4
3.34E-4
3.36E-4
3.39E-4
3.41E-4
3.43E-4
3.43E-4
3.36E-4
3.29E-4
3.27E-4
3.25E-4
3.24E-4
3.27E-4
3.3E-4
3.36E-4
3.41E-4
3.43E-4
3.45E-4
3.42E-4
3.38E-4
3.36E-4
3.3E-4
3.24E-4
3.26E-4
3.27E-4
3.27E-4
3.32E-4
3.34E-4
3.36E-4
3.39E-4
3.42E-4
3.45E-4
3.42E-4
3.34E-4
3.27E-4
3.21E-4
3.2E-4
3.25E-4
3.3E-4
3.34E-4
3.39E-4
3.4E-4
3.43E-4
3.48E-4
3.44E-4
3.38E-4
3.33E-4
3.24E-4
3.18E-4
3.22E-4
3.26E-4
3.29E-4
3.37E-4
3.42E-4
3.45E-4
3.45E-4
3.44E-4
3.43E-4
3.34E-4
3.2E-4
3.17E-4
3.2E-4
3.25E-4
3.33E-4
3.37E-4
3.43E-4
3.49E-4
3.46E-4
3.38E-4
3.34E-4
3.3E-4
3.28E-4
3.26E-4
3.26E-4
3.3E-4
3.34E-4
3.35E-4
3.37E-4
3.4E-4
3.4E-4
3.41E-4
3.39E-4
3.33E-4
3.32E-4
3.32E-4
3.28E-4
3.26E-4
3.28E-4
3.29E-4
3.32E-4
3.32E-4
3.35E-4
3.41E-4
3.42E-4
3.4E-4
3.37E-4
3.33E-4
3.33E-4
3.35E-4
3.32E-4
3.3E-4
3.3E-4
3.29E-4
3.33E-4
3.38E-4
3.37E-4
3.37E-4
3.38E-4
3.34E-4
3.32E-4
3.33E-4
3.33E-4
3.32E-4
3.29E-4
3.3E-4
3.36E-4
3.37E-4
3.35E-4
3.36E-4
3.35E-4
3.33E-4
3.33E-4
3.32E-4
3.33E-4
3.35E-4
3.35E-4
3.32E-4
3.27E-4
3.27E-4
3.32E-4
3.36E-4
3.38E-4
3.36E-4
3.34E-4
3.34E-4
3.34E-4
3.32E-4
3.32E-4
3.34E-4
3.33E-4
3.32E-4
3.33E-4
3.36E-4
3.36E-4
3.35E-4
3.35E-4
3.31E-4
3.26E-4
3.27E-4
3.3E-4
3.33E-4
3.36E-4
3.38E-4
3.37E-4
3.38E-4
3.39E-4
3.39E-4
3.41E-4
3.4E-4
3.3E-4
3.21E-4
3.17E-4
3.17E-4
3.22E-4
3.31E-4
3.41E-4
3.49E-4
3.53E-4
3.49E-4
3.46E-4
3.41E-4
3.31E-4
3.2E-4
3.16E-4
3.17E-4
3.21E-4
3.28E-4
3.38E-4
3.47E-4
3.5E-4
3.47E-4
3.42E-4
3.34E-4
3.28E-4
3.26E-4
3.27E-4
3.26E-4
3.26E-4
3.29E-4
3.34E-4
3.36E-4
3.4E-4
3.44E-4
3.42E-4
3.39E-4
3.35E-4
3.29E-4
3.27E-4
3.28E-4
3.28E-4
3.29E-4
3.32E-4
3.36E-4
3.4E-4
3.42E-4
3.43E-4
3.42E-4
3.38E-4
3.35E-4
3.33E-4
3.27E-4
3.26E-4
3.29E-4
3.29E-4
3.3E-4
3.33E-4
3.36E-4
3.39E-4
3.4E-4
3.41E-4
3.41E-4
3.4E-4
3.37E-4
3.34E-4
3.29E-4
3.26E-4
3.26E-4
3.26E-4
3.3E-4
3.37E-4
3.41E-4
3.42E-4
3.4E-4
3.37E-4
3.35E-4
3.34E-4
3.33E-4
3.31E-4
3.29E-4
3.28E-4
3.28E-4
3.27E-4
3.32E-4
3.36E-4
3.38E-4
3.41E-4
3.42E-4
3.39E-4
3.35E-4
3.33E-4
3.31E-4
3.29E-4
3.28E-4
3.3E-4
3.34E-4
3.38E-4
3.39E-4
3.38E-4
3.36E-4
3.31E-4
3.29E-4
3.29E-4
3.3E-4
3.32E-4
3.34E-4
3.38E-4
3.38E-4
3.34E-4
3.35E-4
3.38E-4
3.35E-4
3.33E-4
3.33E-4
3.31E-4
3.31E-4
3.32E-4
3.32E-4
3.35E-4
3.39E-4
3.39E-4
3.37E-4
3.35E-4
3.3E-4
3.27E-4
3.28E-4
3.3E-4
3.33E-4
3.34E-4
3.35E-4
3.36E-4
3.35E-4
3.36E-4
3.38E-4
3.37E-4
3.36E-4
3.35E-4
3.33E-4
3.32E-4
3.31E-4
3.3E-4
3.3E-4
3.34E-4
3.35E-4
3.35E-4
3.38E-4
3.39E-4
3.38E-4
3.36E-4
3.32E-4
3.3E-4
3.3E-4
3.32E-4
3.34E-4
3.36E-4
3.38E-4
3.37E-4
3.34E-4
3.33E-4
3.33E-4
3.31E-4
3.32E-4
3.3E-4
3.28E-4
3.31E-4
3.33E-4
3.35E-4
3.38E-4
3.36E-4
3.35E-4
3.34E-4
3.33E-4
3.33E-4
3.33E-4
3.34E-4
3.34E-4
3.31E-4
3.28E-4
3.3E-4
3.33E-4
3.35E-4
3.36E-4
3.35E-4
3.34E-4
3.37E-4
3.37E-4
3.35E-4
3.33E-4
3.31E-4
3.28E-4
3.28E-4
3.3E-4
3.34E-4
3.39E-4
3.4E-4
3.39E-4
3.36E-4
3.3E-4
3.27E-4
3.29E-4
3.3E-4
3.3E-4
3.29E-4
3.31E-4
3.36E-4
3.39E-4
3.4E-4
3.4E-4
3.38E-4
3.34E-4
3.32E-4
3.31E-4
3.3E-4
3.32E-4
3.36E-4
3.37E-4
3.36E-4
3.36E-4
3.37E-4
3.37E-4
3.36E-4
3.35E-4
3.31E-4
3.3E-4
3.32E-4
3.32E-4
3.31E-4
3.32E-4
3.32E-4
3.33E-4
3.33E-4
3.33E-4
3.36E-4
3.37E-4
3.35E-4
3.33E-4
3.31E-4
3.3E-4
3.33E-4
3.33E-4
3.32E-4
3.34E-4
3.36E-4
3.35E-4
3.35E-4
3.36E-4
3.38E-4
3.39E-4
3.35E-4
3.3E-4
3.29E-4
3.28E-4
3.29E-4
3.32E-4
3.33E-4
3.35E-4
3.35E-4
3.35E-4
3.36E-4
3.36E-4
3.34E-4
3.32E-4
3.29E-4
3.27E-4
3.3E-4
3.35E-4
3.37E-4
3.39E-4
3.39E-4
3.37E-4
3.35E-4
3.32E-4
3.31E-4
3.32E-4
3.3E-4
3.29E-4
3.29E-4
3.3E-4
3.33E-4
3.36E-4
3.4E-4
3.42E-4
3.41E-4
3.36E-4
3.34E-4
3.31E-4
3.29E-4
3.29E-4
3.29E-4
3.27E-4
3.29E-4
3.34E-4
3.38E-4
3.41E-4
3.41E-4
3.4E-4
3.37E-4
3.34E-4
3.33E-4
3.33E-4
3.3E-4
3.3E-4
3.28E-4
3.27E-4
3.29E-4
3.3E-4
3.36E-4
3.4E-4
3.38E-4
3.37E-4
3.36E-4
3.32E-4
3.31E-4
3.32E-4
3.3E-4
3.3E-4
3.29E-4
3.28E-4
3.31E-4
3.37E-4
3.39E-4
3.36E-4
3.33E-4
3.32E-4
3.32E-4
3.3E-4
3.32E-4
3.34E-4
3.32E-4
3.3E-4
3.33E-4
3.33E-4
3.33E-4
3.37E-4
3.38E-4
3.33E-4
3.31E-4
3.32E-4
3.31E-4
3.29E-4
3.29E-4
3.32E-4
3.34E-4
3.35E-4
3.34E-4
3.33E-4
3.33E-4
3.33E-4
3.34E-4
3.34E-4
3.33E-4
3.32E-4
3.32E-4
3.34E-4
3.34E-4
3.36E-4
3.37E-4
3.34E-4
3.34E-4
3.35E-4
3.35E-4
3.34E-4
3.31E-4
3.3E-4
3.31E-4
3.33E-4
3.35E-4
3.37E-4
3.36E-4
3.34E-4
3.33E-4
3.31E-4
3.33E-4
3.34E-4
3.34E-4
3.33E-4
3.33E-4
3.33E-4
3.34E-4
3.35E-4
3.35E-4
3.36E-4
3.34E-4
3.29E-4
3.31E-4
3.33E-4
3.34E-4
3.37E-4
3.36E-4
3.33E-4
3.31E-4
3.31E-4
3.3E-4
3.3E-4
3.34E-4
3.36E-4
3.35E-4
3.35E-4
3.36E-4
3.36E-4
3.35E-4
3.33E-4
3.3E-4
3.27E-4
3.23E-4
3.26E-4
3.33E-4
3.37E-4
3.37E-4
3.38E-4
3.4E-4
3.38E-4
3.35E-4
3.32E-4
3.3E-4
3.31E-4
3.28E-4
3.24E-4
3.26E-4
3.29E-4
3.33E-4
3.37E-4
3.4E-4
3.42E-4
3.41E-4
3.36E-4
3.32E-4
3.28E-4
3.25E-4
3.26E-4
3.26E-4
3.24E-4
3.28E-4
3.36E-4
3.41E-4
3.41E-4
3.41E-4
3.41E-4
3.38E-4
3.34E-4
3.33E-4
3.32E-4
3.28E-4
3.26E-4
3.26E-4
3.28E-4
3.3E-4
3.34E-4
3.35E-4
3.38E-4
3.41E-4
3.39E-4
3.35E-4
3.34E-4
3.3E-4
3.26E-4
3.25E-4
3.27E-4
3.31E-4
3.35E-4
3.37E-4
3.37E-4
3.37E-4
3.38E-4
3.37E-4
3.34E-4
3.31E-4
3.29E-4
3.27E-4
3.27E-4
3.28E-4
3.31E-4
3.37E-4
3.41E-4
3.4E-4
3.4E-4
3.39E-4
3.34E-4
3.31E-4
3.3E-4
3.25E-4
3.25E-4
3.28E-4
3.28E-4
3.32E-4
3.39E-4
3.41E-4
3.38E-4
3.37E-4
3.35E-4
3.33E-4
3.32E-4
3.31E-4
3.29E-4
3.28E-4
3.26E-4
3.27E-4
3.32E-4
3.38E-4
3.41E-4
3.39E-4
3.41E-4
3.4E-4
3.35E-4
3.31E-4
3.26E-4
3.23E-4
3.23E-4
3.25E-4
3.27E-4
3.32E-4
3.38E-4
3.42E-4
3.44E-4
3.42E-4
3.39E-4
3.35E-4
3.3E-4
3.28E-4
3.27E-4
3.25E-4
3.26E-4
3.29E-4
3.34E-4
3.38E-4
3.39E-4
3.37E-4
3.35E-4
3.35E-4
3.34E-4
3.33E-4
3.3E-4
3.26E-4
3.26E-4
3.28E-4
3.32E-4
3.37E-4
3.41E-4
3.43E-4
3.41E-4
3.39E-4
3.35E-4
3.27E-4
3.22E-4
3.22E-4
3.24E-4
3.3E-4
3.35E-4
3.35E-4
3.38E-4
3.4E-4
3.38E-4
3.39E-4
3.37E-4
3.32E-4
3.31E-4
3.29E-4
3.27E-4
3.27E-4
3.29E-4
3.32E-4
3.37E-4
3.38E-4
3.37E-4
3.39E-4
3.38E-4
3.36E-4
3.35E-4
3.3E-4
3.25E-4
3.24E-4
3.26E-4
3.29E-4
3.32E-4
3.34E-4
3.36E-4
3.39E-4
3.42E-4
3.43E-4
3.4E-4
3.32E-4
3.26E-4
3.23E-4
3.21E-4
3.23E-4
3.28E-4
3.31E-4
3.34E-4
3.38E-4
3.42E-4
3.44E-4
3.44E-4
3.4E-4
3.32E-4
3.24E-4
3.21E-4
3.2E-4
3.21E-4
3.27E-4
3.36E-4
3.4E-4
3.41E-4
3.41E-4
3.41E-4
3.42E-4
3.39E-4
3.32E-4
3.28E-4
3.24E-4
3.21E-4
3.22E-4
3.28E-4
3.35E-4
3.42E-4
3.46E-4
3.45E-4
3.4E-4
3.36E-4
3.33E-4
3.29E-4
3.24E-4
3.22E-4
3.22E-4
3.23E-4
3.3E-4
3.37E-4
3.41E-4
3.43E-4
3.42E-4
3.41E-4
3.36E-4
3.3E-4
3.28E-4
3.25E-4
3.22E-4
3.24E-4
3.28E-4
3.3E-4
3.35E-4
3.41E-4
3.44E-4
3.46E-4
3.43E-4
3.34E-4
3.26E-4
3.24E-4
3.25E-4
3.27E-4
3.32E-4
3.37E-4
3.37E-4
3.36E-4
3.39E-4
3.38E-4
3.35E-4
3.33E-4
3.3E-4
3.29E-4
3.3E-4
3.28E-4
3.29E-4
3.33E-4
3.35E-4
3.34E-4
3.35E-4
3.39E-4
3.38E-4
3.33E-4
3.3E-4
3.29E-4
3.27E-4
3.29E-4
3.32E-4
3.34E-4
3.39E-4
3.37E-4
3.33E-4
3.35E-4
3.37E-4
3.34E-4
3.33E-4
3.32E-4
3.27E-4
3.28E-4
3.33E-4
3.35E-4
3.35E-4
3.36E-4
3.36E-4
3.34E-4
3.33E-4
3.33E-4
3.35E-4
3.32E-4
3.28E-4
3.3E-4
3.34E-4
3.33E-4
3.34E-4
3.36E-4
3.36E-4
3.34E-4
3.31E-4
3.3E-4
3.33E-4
3.32E-4
3.28E-4
3.28E-4
3.29E-4
3.32E-4
3.36E-4
3.39E-4
3.41E-4
3.4E-4
3.4E-4
3.4E-4
3.36E-4
3.34E-4
3.34E-4
3.32E-4
3.3E-4
3.3E-4
3.28E-4
3.28E-4
3.32E-4
3.34E-4
3.37E-4
3.4E-4
3.4E-4
3.42E-4
3.42E-4
3.36E-4
3.33E-4
3.32E-4
3.3E-4
3.31E-4
3.34E-4
3.34E-4
3.32E-4
3.33E-4
3.36E-4
3.37E-4
3.32E-4
3.31E-4
3.3E-4
3.27E-4
3.26E-4
3.29E-4
3.3E-4
3.36E-4
3.4E-4
3.4E-4
3.42E-4
3.41E-4
3.36E-4
3.3E-4
3.25E-4
3.23E-4
3.25E-4
3.27E-4
3.28E-4
3.33E-4
3.37E-4
3.41E-4
3.46E-4
3.48E-4
3.46E-4
3.38E-4
3.29E-4
3.24E-4
3.22E-4
3.21E-4
3.27E-4
3.33E-4
3.35E-4
3.38E-4
3.4E-4
3.41E-4
3.42E-4
3.4E-4
3.36E-4
3.34E-4
3.32E-4
3.28E-4
3.28E-4
3.29E-4
3.31E-4
3.33E-4
3.34E-4
3.36E-4
3.38E-4
3.4E-4
3.4E-4
3.36E-4
3.32E-4
3.3E-4
3.28E-4
3.28E-4
3.33E-4
3.37E-4
3.37E-4
3.37E-4
3.36E-4
3.35E-4
3.34E-4
3.35E-4
3.33E-4
3.29E-4
3.29E-4
3.31E-4
3.3E-4
3.31E-4
3.36E-4
3.38E-4
3.37E-4
3.38E-4
3.37E-4
3.34E-4
3.33E-4
3.33E-4
3.29E-4
3.27E-4
3.29E-4
3.3E-4
3.29E-4
3.31E-4
3.35E-4
3.39E-4
3.38E-4
3.36E-4
3.32E-4
3.3E-4
3.34E-4
3.35E-4
3.33E-4
3.34E-4
3.35E-4
3.34E-4
3.34E-4
3.34E-4
3.35E-4
3.34E-4
3.29E-4
3.28E-4
3.3E-4
3.31E-4
3.35E-4
3.38E-4
3.37E-4
3.36E-4
3.35E-4
3.34E-4
3.34E-4
3.3E-4
3.28E-4
3.32E-4
3.32E-4
3.3E-4
3.35E-4
3.37E-4
3.37E-4
3.35E-4
3.34E-4
3.34E-4
3.34E-4
3.31E-4
3.29E-4
3.29E-4
3.29E-4
3.31E-4
3.34E-4
3.36E-4
3.38E-4
3.39E-4
3.39E-4
3.39E-4
3.35E-4
3.3E-4
3.3E-4
3.31E-4
3.3E-4
3.3E-4
3.3E-4
3.32E-4
3.33E-4
3.34E-4
3.35E-4
3.39E-4
3.41E-4
3.4E-4
3.36E-4
3.33E-4
3.32E-4
3.31E-4
3.29E-4
3.29E-4
3.3E-4
3.33E-4
3.37E-4
3.4E-4
3.39E-4
3.39E-4
3.36E-4
3.3E-4
3.29E-4
3.29E-4
3.29E-4
3.29E-4
3.31E-4
3.35E-4
3.41E-4
3.43E-4
3.43E-4
3.41E-4
3.37E-4
3.33E-4
3.29E-4
3.26E-4
3.27E-4
3.29E-4
3.3E-4
3.3E-4
3.33E-4
3.39E-4
3.43E-4
3.44E-4
3.42E-4
3.36E-4
3.28E-4
3.25E-4
3.26E-4
3.28E-4
3.31E-4
3.32E-4
3.32E-4
3.33E-4
3.34E-4
3.36E-4
3.37E-4
3.36E-4
3.37E-4
3.35E-4
3.3E-4
3.28E-4
3.3E-4
3.32E-4
3.35E-4
3.34E-4
3.3E-4
3.32E-4
3.34E-4
3.33E-4
3.38E-4
3.4E-4
3.36E-4
3.34E-4
3.31E-4
3.27E-4
3.3E-4
3.34E-4
3.36E-4
3.38E-4
3.38E-4
3.37E-4
3.37E-4
3.36E-4
3.34E-4
3.32E-4
3.27E-4
3.24E-4
3.27E-4
3.31E-4
3.37E-4
3.42E-4
3.44E-4
3.43E-4
3.38E-4
3.33E-4
3.29E-4
3.26E-4
3.27E-4
3.28E-4
3.28E-4
3.34E-4
3.4E-4
3.41E-4
3.43E-4
3.43E-4
3.39E-4
3.36E-4
3.33E-4
3.29E-4
3.28E-4
3.27E-4
3.28E-4
3.3E-4
3.33E-4
3.37E-4
3.4E-4
3.41E-4
3.42E-4
3.4E-4
3.34E-4
3.31E-4
3.29E-4
3.27E-4
3.25E-4
3.27E-4
3.3E-4
3.34E-4
3.39E-4
3.4E-4
3.4E-4
3.4E-4
3.39E-4
3.34E-4
3.29E-4
3.27E-4
3.27E-4
3.25E-4
3.28E-4
3.34E-4
3.36E-4
3.38E-4
3.41E-4
3.39E-4
3.39E-4
3.39E-4
3.33E-4
3.29E-4
3.27E-4
3.25E-4
3.26E-4
3.3E-4
3.35E-4
3.39E-4
3.41E-4
3.44E-4
3.45E-4
3.42E-4
3.37E-4
3.32E-4
3.26E-4
3.23E-4
3.22E-4
3.24E-4
3.29E-4
3.33E-4
3.35E-4
3.4E-4
3.45E-4
3.48E-4
3.47E-4
3.39E-4
3.32E-4
3.29E-4
3.26E-4
3.26E-4
3.29E-4
3.3E-4
3.33E-4
3.37E-4
3.4E-4
3.4E-4
3.38E-4
3.36E-4
3.35E-4
3.34E-4
3.31E-4
3.3E-4
3.33E-4
3.34E-4
3.35E-4
3.36E-4
3.36E-4
3.35E-4
3.35E-4
3.35E-4
3.35E-4
3.35E-4
3.34E-4
3.31E-4
3.28E-4
3.29E-4
3.33E-4
3.36E-4
3.39E-4
3.4E-4
3.39E-4
3.36E-4
3.35E-4
3.33E-4
3.32E-4
3.33E-4
3.32E-4
3.3E-4
3.29E-4
3.28E-4
3.32E-4
3.35E-4
3.36E-4
3.36E-4
3.37E-4
3.38E-4
3.37E-4
3.36E-4
3.35E-4
3.33E-4
3.3E-4
3.31E-4
3.33E-4
3.33E-4
3.36E-4
3.37E-4
3.34E-4
3.3E-4
3.3E-4
3.32E-4
3.34E-4
3.34E-4
3.35E-4
3.36E-4
3.34E-4
3.32E-4
3.33E-4
3.32E-4
3.32E-4
3.3E-4
3.3E-4
3.32E-4
3.35E-4
3.34E-4
3.36E-4
3.37E-4
3.38E-4
3.4E-4
3.39E-4
3.36E-4
3.34E-4
3.31E-4
3.3E-4
3.3E-4
3.28E-4
3.29E-4
3.32E-4
3.33E-4
3.35E-4
3.37E-4
3.36E-4
3.35E-4
3.35E-4
3.34E-4
3.32E-4
3.33E-4
3.34E-4
3.32E-4
3.31E-4
3.34E-4
3.35E-4
3.36E-4
3.37E-4
3.37E-4
3.35E-4
3.33E-4
3.3E-4
3.29E-4
3.3E-4
3.31E-4
3.33E-4
3.35E-4
3.34E-4
3.36E-4
3.4E-4
3.39E-4
3.35E-4
3.33E-4
3.3E-4
3.27E-4
3.3E-4
3.33E-4
3.35E-4
3.37E-4
3.36E-4
3.36E-4
3.34E-4
3.32E-4
3.33E-4
3.34E-4
3.31E-4
3.28E-4
3.29E-4
3.33E-4
3.37E-4
3.38E-4
3.38E-4
3.38E-4
3.36E-4
3.35E-4
3.33E-4
3.3E-4
3.28E-4
3.29E-4
3.28E-4
3.29E-4
3.31E-4
3.33E-4
3.36E-4
3.37E-4
3.36E-4
3.38E-4
3.39E-4
3.36E-4
3.34E-4
3.33E-4
3.34E-4
3.33E-4
3.31E-4
3.31E-4
3.32E-4
3.33E-4
3.36E-4
3.37E-4
3.35E-4
3.32E-4
3.31E-4
3.32E-4
3.35E-4
3.36E-4
3.36E-4
3.36E-4
3.34E-4
3.32E-4
3.33E-4
3.34E-4
3.34E-4
3.34E-4
3.33E-4
3.33E-4
3.33E-4
3.33E-4
3.33E-4
3.33E-4
3.33E-4
3.34E-4
3.34E-4
3.35E-4
3.38E-4
3.35E-4
3.32E-4
3.33E-4
3.35E-4
3.33E-4
3.33E-4
3.33E-4
3.3E-4
3.3E-4
3.28E-4
3.29E-4
3.35E-4
3.37E-4
3.39E-4
3.43E-4
3.41E-4
3.35E-4
3.33E-4
3.31E-4
3.28E-4
3.25E-4
3.25E-4
3.28E-4
3.34E-4
3.4E-4
3.42E-4
3.38E-4
3.35E-4
3.33E-4
3.31E-4
3.32E-4
3.33E-4
3.33E-4
3.33E-4
3.33E-4
3.32E-4
3.32E-4
3.32E-4
3.31E-4
3.31E-4
3.32E-4
3.32E-4
3.33E-4
3.37E-4
3.39E-4
3.38E-4
3.36E-4
3.33E-4
3.29E-4
3.28E-4
3.31E-4
3.34E-4
3.34E-4
3.34E-4
3.36E-4
3.34E-4
3.31E-4
3.31E-4
3.33E-4
3.32E-4
3.27E-4
3.26E-4
3.32E-4
3.37E-4
3.4E-4
3.42E-4
3.4E-4
3.38E-4
3.37E-4
3.32E-4
3.27E-4
3.27E-4
3.26E-4
3.25E-4
3.27E-4
3.29E-4
3.34E-4
3.39E-4
3.41E-4
3.42E-4
3.42E-4
3.4E-4
3.36E-4
3.31E-4
3.26E-4
3.25E-4
3.27E-4
3.3E-4
3.32E-4
3.34E-4
3.36E-4
3.37E-4
3.37E-4
3.34E-4
3.32E-4
3.3E-4
3.3E-4
3.32E-4
3.32E-4
3.32E-4
3.34E-4
3.35E-4
3.36E-4
3.35E-4
3.35E-4
3.36E-4
3.34E-4
3.32E-4
3.32E-4
3.31E-4
3.29E-4
3.3E-4
3.3E-4
3.27E-4
3.25E-4
3.28E-4
3.33E-4
3.37E-4
3.41E-4
3.45E-4
3.41E-4
3.34E-4
3.29E-4
3.27E-4
3.24E-4
3.24E-4
3.26E-4
3.29E-4
3.34E-4
3.37E-4
3.4E-4
3.43E-4
3.42E-4
3.41E-4
3.36E-4
3.27E-4
3.21E-4
3.23E-4
3.27E-4
3.3E-4
3.35E-4
3.37E-4
3.39E-4
3.39E-4
3.37E-4
3.36E-4
3.33E-4
3.28E-4
3.25E-4
3.25E-4
3.29E-4
3.33E-4
3.34E-4
3.36E-4
3.39E-4
3.39E-4
3.37E-4
3.36E-4
3.34E-4
3.29E-4
3.26E-4
3.25E-4
3.25E-4
3.26E-4
3.31E-4
3.37E-4
3.38E-4
3.37E-4
3.38E-4
3.37E-4
3.37E-4
3.36E-4
3.32E-4
3.3E-4
3.31E-4
3.29E-4
3.29E-4
3.32E-4
3.32E-4
3.36E-4
3.39E-4
3.38E-4
3.36E-4
3.31E-4
3.28E-4
3.31E-4
3.32E-4
3.31E-4
3.32E-4
3.31E-4
3.32E-4
3.34E-4
3.35E-4
3.35E-4
3.33E-4
3.3E-4
3.31E-4
3.3E-4
3.28E-4
3.29E-4
3.31E-4
3.33E-4
3.36E-4
3.38E-4
3.38E-4
3.4E-4
3.39E-4
3.36E-4
3.33E-4
3.3E-4
3.29E-4
3.29E-4
3.28E-4
3.29E-4
3.34E-4
3.37E-4
3.38E-4
3.37E-4
3.34E-4
3.33E-4
3.34E-4
3.36E-4
3.33E-4
3.29E-4
3.31E-4
3.36E-4
3.38E-4
3.38E-4
3.37E-4
3.36E-4
3.35E-4
3.33E-4
3.3E-4
3.31E-4
3.32E-4
3.29E-4
3.29E-4
3.32E-4
3.36E-4
3.38E-4
3.36E-4
3.36E-4
3.37E-4
3.35E-4
3.36E-4
3.37E-4
3.32E-4
3.28E-4
3.26E-4
3.26E-4
3.3E-4
3.35E-4
3.37E-4
3.39E-4
3.4E-4
3.38E-4
3.34E-4
3.31E-4
3.29E-4
3.3E-4
3.3E-4
3.3E-4
3.32E-4
3.35E-4
3.39E-4
3.41E-4
3.4E-4
3.39E-4
3.38E-4
3.36E-4
3.35E-4
3.34E-4
3.3E-4
3.29E-4
3.29E-4
3.29E-4
3.32E-4
3.37E-4
3.4E-4
3.4E-4
3.36E-4
3.34E-4
3.34E-4
3.35E-4
3.34E-4
3.35E-4
3.34E-4
3.34E-4
3.34E-4
3.35E-4
3.34E-4
3.32E-4
3.31E-4
3.33E-4
3.32E-4
3.3E-4
3.34E-4
3.36E-4
3.36E-4
3.4E-4
3.43E-4
3.4E-4
3.38E-4
3.35E-4
3.34E-4
3.35E-4
3.34E-4
3.34E-4
3.33E-4
3.3E-4
3.31E-4
3.35E-4
3.39E-4
3.41E-4
3.4E-4
3.36E-4
3.36E-4
3.36E-4
3.35E-4
3.33E-4
3.3E-4
3.29E-4
3.31E-4
3.29E-4
3.32E-4
3.37E-4
3.4E-4
3.42E-4
3.42E-4
3.39E-4
3.39E-4
3.39E-4
3.33E-4
3.29E-4
3.29E-4
3.3E-4
3.3E-4
3.3E-4
3.32E-4
3.36E-4
3.39E-4
3.38E-4
3.35E-4
3.36E-4
3.37E-4
3.36E-4
3.33E-4
3.29E-4
3.29E-4
3.31E-4
3.34E-4
3.4E-4
3.42E-4
3.37E-4
3.32E-4
3.3E-4
3.31E-4
3.31E-4
3.29E-4
3.28E-4
3.27E-4
3.29E-4
3.35E-4
3.36E-4
3.36E-4
3.41E-4
3.43E-4
3.39E-4
3.35E-4
3.31E-4
3.29E-4
3.31E-4
3.29E-4
3.28E-4
3.28E-4
3.29E-4
3.33E-4
3.4E-4
3.4E-4
3.39E-4
3.39E-4
3.36E-4
3.34E-4
3.34E-4
3.33E-4
3.3E-4
3.3E-4
3.3E-4
3.3E-4
3.3E-4
3.34E-4
3.36E-4
3.34E-4
3.33E-4
3.34E-4
3.32E-4
3.29E-4
3.34E-4
3.35E-4
3.31E-4
3.28E-4
3.28E-4
3.32E-4
3.34E-4
3.34E-4
3.36E-4
3.39E-4
3.37E-4
3.33E-4
3.3E-4
3.3E-4
3.28E-4
3.27E-4
3.29E-4
3.31E-4
3.3E-4
3.32E-4
3.34E-4
3.36E-4
3.38E-4
3.37E-4
3.37E-4
3.37E-4
3.33E-4
3.33E-4
3.32E-4
3.29E-4
3.28E-4
3.29E-4
3.31E-4
3.36E-4
3.39E-4
3.35E-4
3.32E-4
3.3E-4
3.28E-4
3.31E-4
3.36E-4
3.36E-4
3.33E-4
3.31E-4
3.32E-4
3.33E-4
3.32E-4
3.31E-4
3.33E-4
3.34E-4
3.32E-4
3.31E-4
3.32E-4
3.34E-4
3.34E-4
3.32E-4
3.31E-4
3.3E-4
3.29E-4
3.31E-4
3.33E-4
3.32E-4
3.32E-4
3.31E-4
3.29E-4
3.31E-4
3.31E-4
3.3E-4
3.33E-4
3.34E-4
3.3E-4
3.28E-4
3.3E-4
3.34E-4
3.34E-4
3.31E-4
3.31E-4
3.28E-4
3.26E-4
3.28E-4
3.32E-4
3.34E-4
3.35E-4
3.35E-4
3.33E-4
3.32E-4
3.31E-4
3.3E-4
3.31E-4
3.32E-4
3.31E-4
3.31E-4
3.32E-4
3.32E-4
3.32E-4
3.32E-4
3.32E-4
3.32E-4
3.32E-4
3.34E-4
3.33E-4
3.31E-4
3.33E-4
3.31E-4
3.29E-4
3.32E-4
3.32E-4
3.33E-4
3.36E-4
3.36E-4
3.34E-4
3.31E-4
3.3E-4
3.31E-4
3.29E-4
3.27E-4
3.29E-4
3.29E-4
3.28E-4
3.3E-4
3.31E-4
3.32E-4
3.33E-4
3.32E-4
3.31E-4
3.32E-4
3.32E-4
3.32E-4
3.32E-4
3.32E-4
3.31E-4
3.32E-4
3.32E-4
3.32E-4
3.32E-4
3.33E-4
3.33E-4
3.3E-4
3.27E-4
3.28E-4
3.31E-4
3.34E-4
3.33E-4
3.3E-4
3.32E-4
3.34E-4
3.35E-4
3.34E-4
3.34E-4
3.34E-4
3.34E-4
3.31E-4
3.28E-4
3.3E-4
3.33E-4
3.33E-4
3.33E-4
3.32E-4
3.32E-4
3.33E-4
3.32E-4
3.32E-4
3.33E-4
3.3E-4
3.31E-4
3.35E-4
3.32E-4
3.3E-4
3.34E-4
3.35E-4
3.34E-4
3.36E-4
3.34E-4
3.34E-4
3.36E-4
3.35E-4
3.34E-4
3.33E-4
3.31E-4
3.29E-4
3.28E-4
3.27E-4
3.29E-4
3.32E-4
3.34E-4
3.37E-4
3.39E-4
3.39E-4
3.39E-4
3.39E-4
3.37E-4
3.34E-4
3.3E-4
3.29E-4
3.32E-4
3.34E-4
3.33E-4
3.34E-4
3.36E-4
3.37E-4
3.36E-4
3.37E-4
3.39E-4
3.34E-4
3.3E-4
3.33E-4
3.34E-4
3.34E-4
3.38E-4
3.37E-4
3.33E-4
3.32E-4
3.33E-4
3.35E-4
3.37E-4
3.38E-4
3.37E-4
3.35E-4
3.35E-4
3.36E-4
3.34E-4
3.32E-4
3.3E-4
3.28E-4
3.29E-4
3.35E-4
3.39E-4
3.43E-4
3.47E-4
3.46E-4
3.42E-4
3.36E-4
3.32E-4
3.29E-4
3.25E-4
3.24E-4
3.32E-4
3.38E-4
3.37E-4
3.41E-4
3.48E-4
3.48E-4
3.43E-4
3.36E-4
3.29E-4
3.27E-4
3.29E-4
3.28E-4
3.28E-4
3.32E-4
3.37E-4
3.41E-4
3.45E-4
3.49E-4
3.47E-4
3.41E-4
3.34E-4
3.29E-4
3.26E-4
3.26E-4
3.26E-4
3.3E-4
3.35E-4
3.38E-4
3.42E-4
3.42E-4
3.4E-4
3.41E-4
3.38E-4
3.36E-4
3.36E-4
3.35E-4
3.31E-4
3.33E-4
3.34E-4
3.31E-4
3.33E-4
3.39E-4
3.4E-4
3.4E-4
3.39E-4
3.37E-4
3.37E-4
3.35E-4
3.31E-4
3.29E-4
3.28E-4
3.31E-4
3.37E-4
3.4E-4
3.4E-4
3.43E-4
3.42E-4
3.39E-4
3.37E-4
3.35E-4
3.33E-4
3.31E-4
3.28E-4
3.28E-4
3.33E-4
3.36E-4
3.39E-4
3.4E-4
3.43E-4
3.45E-4
3.4E-4
3.37E-4
3.36E-4
3.29E-4
3.24E-4
3.27E-4
3.32E-4
3.34E-4
3.38E-4
3.41E-4
3.41E-4
3.41E-4
3.41E-4
3.4E-4
3.36E-4
3.3E-4
3.28E-4
3.26E-4
3.26E-4
3.3E-4
3.34E-4
3.37E-4
3.41E-4
3.45E-4
3.46E-4
3.42E-4
3.36E-4
3.32E-4
3.29E-4
3.27E-4
3.28E-4
3.27E-4
3.3E-4
3.36E-4
3.38E-4
3.41E-4
3.44E-4
3.4E-4
3.37E-4
3.34E-4
3.31E-4
3.32E-4
3.32E-4
3.27E-4
3.27E-4
3.3E-4
3.33E-4
3.39E-4
3.44E-4
3.45E-4
3.41E-4
3.33E-4
3.3E-4
3.31E-4
3.28E-4
3.27E-4
3.29E-4
3.3E-4
3.32E-4
3.36E-4
3.43E-4
3.46E-4
3.45E-4
3.41E-4
3.37E-4
3.33E-4
3.31E-4
3.29E-4
3.28E-4
3.29E-4
3.31E-4
3.32E-4
3.33E-4
3.39E-4
3.44E-4
3.43E-4
3.41E-4
3.37E-4
3.31E-4
3.28E-4
3.27E-4
3.27E-4
3.29E-4
3.33E-4
3.36E-4
3.38E-4
3.41E-4
3.42E-4
3.4E-4
3.37E-4
3.33E-4
3.27E-4
3.24E-4
3.27E-4
3.31E-4
3.33E-4
3.35E-4
3.36E-4
3.34E-4
3.35E-4
3.38E-4
3.39E-4
3.37E-4
3.35E-4
3.32E-4
3.28E-4
3.26E-4
3.3E-4
3.33E-4
3.35E-4
3.37E-4
3.37E-4
3.37E-4
3.38E-4
3.36E-4
3.33E-4
3.33E-4
3.33E-4
3.33E-4
3.34E-4
3.34E-4
3.36E-4
3.36E-4
3.36E-4
3.38E-4
3.37E-4
3.33E-4
3.33E-4
3.34E-4
3.32E-4
3.31E-4
3.3E-4
3.29E-4
3.32E-4
3.38E-4
3.4E-4
3.4E-4
3.4E-4
3.4E-4
3.37E-4
3.34E-4
3.32E-4
3.32E-4
3.32E-4
3.31E-4
3.3E-4
3.3E-4
3.34E-4
3.38E-4
3.4E-4
3.41E-4
3.39E-4
3.36E-4
3.35E-4
3.34E-4
3.34E-4
3.32E-4
3.3E-4
3.3E-4
3.32E-4
3.35E-4
3.41E-4
3.41E-4
3.36E-4
3.35E-4
3.35E-4
3.34E-4
3.37E-4
3.38E-4
3.38E-4
3.38E-4
3.35E-4
3.32E-4
3.32E-4
3.33E-4
3.37E-4
3.37E-4
3.35E-4
3.36E-4
3.36E-4
3.34E-4
3.34E-4
3.35E-4
3.33E-4
3.33E-4
3.35E-4
3.35E-4
3.35E-4
3.36E-4
3.34E-4
3.34E-4
3.36E-4
3.35E-4
3.33E-4
3.33E-4
3.34E-4
3.33E-4
3.32E-4
3.32E-4
3.33E-4
3.34E-4
3.37E-4
3.39E-4
3.37E-4
3.36E-4
3.37E-4
3.35E-4
3.32E-4
3.3E-4
3.3E-4
3.3E-4
3.31E-4
3.32E-4
3.35E-4
3.38E-4
3.41E-4
3.41E-4
3.39E-4
3.36E-4
3.34E-4
3.34E-4
3.33E-4
3.32E-4
3.3E-4
3.3E-4
3.31E-4
3.32E-4
3.35E-4
3.39E-4
3.42E-4
3.4E-4
3.36E-4
3.34E-4
3.34E-4
3.34E-4
3.36E-4
3.37E-4
3.34E-4
3.32E-4
3.32E-4
3.33E-4
3.37E-4
3.4E-4
3.4E-4
3.38E-4
3.34E-4
3.32E-4
3.35E-4
3.34E-4
3.3E-4
3.29E-4
3.3E-4
3.31E-4
3.35E-4
3.39E-4
3.41E-4
3.41E-4
3.39E-4
3.37E-4
3.34E-4
3.33E-4
3.34E-4
3.33E-4
3.29E-4
3.3E-4
3.34E-4
3.36E-4
3.38E-4
3.42E-4
3.43E-4
3.4E-4
3.37E-4
3.34E-4
3.3E-4
3.29E-4
3.32E-4
3.33E-4
3.33E-4
3.36E-4
3.39E-4
3.4E-4
3.45E-4
3.45E-4
3.38E-4
3.35E-4
3.34E-4
3.3E-4
3.3E-4
3.3E-4
3.29E-4
3.33E-4
3.36E-4
3.37E-4
3.4E-4
3.41E-4
3.41E-4
3.4E-4
3.36E-4
3.34E-4
3.34E-4
3.33E-4
3.33E-4
3.35E-4
3.36E-4
3.38E-4
3.38E-4
3.36E-4
3.37E-4
3.37E-4
3.34E-4
3.33E-4
3.32E-4
3.29E-4
3.29E-4
3.33E-4
3.36E-4
3.41E-4
3.43E-4
3.4E-4
3.37E-4
3.36E-4
3.33E-4
3.33E-4
3.32E-4
3.28E-4
3.26E-4
3.29E-4
3.34E-4
3.38E-4
3.42E-4
3.45E-4
3.43E-4
3.39E-4
3.37E-4
3.35E-4
3.3E-4
3.27E-4
3.26E-4
3.28E-4
3.3E-4
3.34E-4
3.41E-4
3.44E-4
3.43E-4
3.41E-4
3.38E-4
3.35E-4
3.35E-4
3.34E-4
3.31E-4
3.29E-4
3.31E-4
3.36E-4
3.38E-4
3.38E-4
3.41E-4
3.43E-4
3.4E-4
3.38E-4
3.36E-4
3.31E-4
3.28E-4
3.29E-4
3.29E-4
3.31E-4
3.35E-4
3.37E-4
3.41E-4
3.42E-4
3.4E-4
3.37E-4
3.35E-4
3.33E-4
3.33E-4
3.32E-4
3.31E-4
3.32E-4
3.32E-4
3.34E-4
3.4E-4
3.4E-4
3.4E-4
3.42E-4
3.39E-4
3.35E-4
3.33E-4
3.3E-4
3.29E-4
3.31E-4
3.32E-4
3.32E-4
3.34E-4
3.35E-4
3.36E-4
3.39E-4
3.4E-4
3.39E-4
3.38E-4
3.37E-4
3.35E-4
3.33E-4
3.34E-4
3.35E-4
3.32E-4
3.29E-4
3.29E-4
3.34E-4
3.37E-4
3.36E-4
3.38E-4
3.4E-4
3.37E-4
3.34E-4
3.34E-4
3.34E-4
3.34E-4
3.34E-4
3.33E-4
3.33E-4
3.33E-4
3.33E-4
3.36E-4
3.37E-4
3.35E-4
3.34E-4
3.34E-4
3.33E-4
3.35E-4
3.35E-4
3.33E-4
3.33E-4
3.35E-4
3.34E-4
3.32E-4
3.32E-4
3.34E-4
3.36E-4
3.36E-4
3.36E-4
3.36E-4
3.36E-4
3.38E-4
3.39E-4
3.36E-4
3.34E-4
3.32E-4
3.3E-4
3.29E-4
3.31E-4
3.36E-4
3.39E-4
3.38E-4
3.36E-4
3.36E-4
3.35E-4
3.33E-4
3.31E-4
3.32E-4
3.33E-4
3.33E-4
3.33E-4
3.38E-4
3.42E-4
3.42E-4
3.41E-4
3.41E-4
3.39E-4
3.37E-4
3.32E-4
3.28E-4
3.27E-4
3.25E-4
3.26E-4
3.32E-4
3.41E-4
3.47E-4
3.46E-4
3.44E-4
3.42E-4
3.38E-4
3.32E-4
3.28E-4
3.27E-4
3.24E-4
3.26E-4
3.31E-4
3.35E-4
3.4E-4
3.45E-4
3.46E-4
3.43E-4
3.37E-4
3.33E-4
3.29E-4
3.28E-4
3.27E-4
3.26E-4
3.27E-4
3.33E-4
3.37E-4
3.37E-4
3.4E-4
3.45E-4
3.43E-4
3.37E-4
3.36E-4
3.33E-4
3.28E-4
3.29E-4
3.31E-4
3.3E-4
3.28E-4
3.3E-4
3.36E-4
3.41E-4
3.42E-4
3.41E-4
3.36E-4
3.33E-4
3.33E-4
3.3E-4
3.26E-4
3.26E-4
3.29E-4
3.33E-4
3.37E-4
3.38E-4
3.37E-4
3.38E-4
3.39E-4
3.39E-4
3.34E-4
3.27E-4
3.22E-4
3.23E-4
3.29E-4
3.33E-4
3.37E-4
3.38E-4
3.38E-4
3.39E-4
3.41E-4
3.4E-4
3.37E-4
3.32E-4
3.26E-4
3.25E-4
3.29E-4
3.32E-4
3.34E-4
3.38E-4
3.38E-4
3.37E-4
3.37E-4
3.35E-4
3.32E-4
3.32E-4
3.3E-4
3.28E-4
3.3E-4
3.34E-4
3.36E-4
3.37E-4
3.37E-4
3.37E-4
3.36E-4
3.33E-4
3.33E-4
3.34E-4
3.3E-4
3.3E-4
3.32E-4
3.32E-4
3.31E-4
3.33E-4
3.37E-4
3.38E-4
3.34E-4
3.32E-4
3.34E-4
3.35E-4
3.35E-4
3.34E-4
3.31E-4
3.31E-4
3.31E-4
3.33E-4
3.35E-4
3.35E-4
3.34E-4
3.35E-4
3.33E-4
3.34E-4
3.35E-4
3.34E-4
3.32E-4
3.32E-4
3.33E-4
3.34E-4
3.32E-4
3.32E-4
3.35E-4
3.37E-4
3.36E-4
3.38E-4
3.37E-4
3.36E-4
3.36E-4
3.33E-4
3.31E-4
3.3E-4
3.28E-4
3.31E-4
3.34E-4
3.36E-4
3.38E-4
3.39E-4
3.35E-4
3.33E-4
3.33E-4
3.32E-4
3.31E-4
3.32E-4
3.33E-4
3.35E-4
3.36E-4
3.38E-4
3.41E-4
3.41E-4
3.36E-4
3.33E-4
3.31E-4
3.27E-4
3.27E-4
3.3E-4
3.31E-4
3.34E-4
3.37E-4
3.38E-4
3.39E-4
3.39E-4
3.39E-4
3.37E-4
3.33E-4
3.3E-4
3.29E-4
3.29E-4
3.32E-4
3.35E-4
3.39E-4
3.38E-4
3.34E-4
3.32E-4
3.32E-4
3.32E-4
3.34E-4
3.37E-4
3.36E-4
3.35E-4
3.34E-4
3.34E-4
3.33E-4
3.32E-4
3.32E-4
3.33E-4
3.3E-4
3.3E-4
3.33E-4
3.32E-4
3.34E-4
3.36E-4
3.36E-4
3.36E-4
3.35E-4
3.34E-4
3.35E-4
3.34E-4
3.31E-4
3.31E-4
3.33E-4
3.32E-4
3.34E-4
3.34E-4
3.33E-4
3.34E-4
3.33E-4
3.32E-4
3.32E-4
3.34E-4
3.35E-4
3.34E-4
3.32E-4
3.31E-4
3.33E-4
3.33E-4
3.35E-4
3.35E-4
3.32E-4
3.31E-4
3.31E-4
3.3E-4
3.33E-4
3.36E-4
3.36E-4
3.36E-4
3.34E-4
3.37E-4
3.41E-4
3.37E-4
3.32E-4
3.3E-4
3.27E-4
3.25E-4
3.27E-4
3.3E-4
3.34E-4
3.36E-4
3.34E-4
3.35E-4
3.39E-4
3.41E-4
3.39E-4
3.37E-4
3.35E-4
3.33E-4
3.31E-4
3.29E-4
3.29E-4
3.29E-4
3.32E-4
3.34E-4
3.36E-4
3.38E-4
3.39E-4
3.37E-4
3.36E-4
3.34E-4
3.32E-4
3.3E-4
3.3E-4
3.29E-4
3.3E-4
3.35E-4
3.39E-4
3.41E-4
3.38E-4
3.34E-4
3.33E-4
3.33E-4
3.33E-4
3.34E-4
3.33E-4
3.32E-4
3.33E-4
3.35E-4
3.38E-4
3.38E-4
3.36E-4
3.36E-4
3.36E-4
3.33E-4
3.33E-4
3.34E-4
3.32E-4
3.29E-4
3.29E-4
3.31E-4
3.34E-4
3.39E-4
3.39E-4
3.36E-4
3.34E-4
3.34E-4
3.34E-4
3.34E-4
3.32E-4
3.3E-4
3.28E-4
3.28E-4
3.31E-4
3.34E-4
3.36E-4
3.36E-4
3.37E-4
3.37E-4
3.34E-4
3.33E-4
3.33E-4
3.3E-4
3.3E-4
3.32E-4
3.33E-4
3.33E-4
3.35E-4
3.37E-4
3.36E-4
3.34E-4
3.34E-4
3.32E-4
3.29E-4
3.29E-4
3.32E-4
3.34E-4
3.33E-4
3.32E-4
3.32E-4
3.35E-4
3.37E-4
3.36E-4
3.34E-4
3.34E-4
3.31E-4
3.29E-4
3.3E-4
3.32E-4
3.32E-4
3.33E-4
3.33E-4
3.34E-4
3.38E-4
3.39E-4
3.37E-4
3.35E-4
3.32E-4
3.33E-4
3.32E-4
3.32E-4
3.34E-4
3.35E-4
3.34E-4
3.33E-4
3.33E-4
3.32E-4
3.33E-4
3.35E-4
3.35E-4
3.31E-4
3.29E-4
3.31E-4
3.34E-4
3.35E-4
3.35E-4
3.36E-4
3.37E-4
3.35E-4
3.32E-4
3.32E-4
3.32E-4
3.33E-4
3.33E-4
3.31E-4
3.3E-4
3.32E-4
3.34E-4
3.37E-4
3.38E-4
3.34E-4
3.31E-4
3.32E-4
3.34E-4
3.34E-4
3.35E-4
3.35E-4
3.34E-4
3.33E-4
3.31E-4
3.3E-4
3.33E-4
3.34E-4
3.31E-4
3.31E-4
3.34E-4
3.35E-4
3.36E-4
3.36E-4
3.36E-4
3.34E-4
3.3E-4
3.29E-4
3.3E-4
3.32E-4
3.34E-4
3.34E-4
3.35E-4
3.38E-4
3.37E-4
3.34E-4
3.36E-4
3.37E-4
3.33E-4
3.29E-4
3.28E-4
3.26E-4
3.27E-4
3.31E-4
3.35E-4
3.35E-4
3.35E-4
3.37E-4
3.39E-4
3.4E-4
3.39E-4
3.36E-4
3.3E-4
3.26E-4
3.27E-4
3.28E-4
3.29E-4
3.31E-4
3.36E-4
3.39E-4
3.39E-4
3.4E-4
3.4E-4
3.34E-4
3.3E-4
3.29E-4
3.26E-4
3.27E-4
3.3E-4
3.32E-4
3.36E-4
3.36E-4
3.37E-4
3.41E-4
3.4E-4
3.37E-4
3.34E-4
3.3E-4
3.26E-4
3.24E-4
3.26E-4
3.32E-4
3.36E-4
3.35E-4
3.36E-4
3.39E-4
3.39E-4
3.36E-4
3.34E-4
3.32E-4
3.29E-4
3.26E-4
3.25E-4
3.27E-4
3.3E-4
3.32E-4
3.34E-4
3.4E-4
3.4E-4
3.39E-4
3.37E-4
3.33E-4
3.31E-4
3.3E-4
3.29E-4
3.29E-4
3.29E-4
3.32E-4
3.37E-4
3.39E-4
3.4E-4
3.41E-4
3.37E-4
3.33E-4
3.32E-4
3.3E-4
3.27E-4
3.28E-4
3.32E-4
3.33E-4
3.32E-4
3.34E-4
3.36E-4
3.37E-4
3.38E-4
3.36E-4
3.33E-4
3.31E-4
3.3E-4
3.29E-4
3.28E-4
3.3E-4
3.32E-4
3.34E-4
3.36E-4
3.38E-4
3.39E-4
3.38E-4
3.36E-4
3.34E-4
3.32E-4
3.31E-4
3.3E-4
3.28E-4
3.31E-4
3.33E-4
3.32E-4
3.35E-4
3.37E-4
3.37E-4
3.36E-4
3.35E-4
3.36E-4
3.35E-4
3.31E-4
3.3E-4
3.33E-4
3.32E-4
3.31E-4
3.35E-4
3.36E-4
3.35E-4
3.36E-4
3.34E-4
3.32E-4
3.31E-4
3.3E-4
3.32E-4
3.32E-4
3.32E-4
3.34E-4
3.35E-4
3.35E-4
3.36E-4
3.34E-4
3.33E-4
3.34E-4
3.33E-4
3.3E-4
3.3E-4
3.31E-4
3.32E-4
3.36E-4
3.39E-4
3.37E-4
3.35E-4
3.34E-4
3.33E-4
3.3E-4
3.29E-4
3.32E-4
3.33E-4
3.32E-4
3.33E-4
3.34E-4
3.36E-4
3.38E-4
3.35E-4
3.33E-4
3.33E-4
3.29E-4
3.28E-4
3.29E-4
3.31E-4
3.34E-4
3.35E-4
3.34E-4
3.34E-4
3.35E-4
3.34E-4
3.34E-4
3.34E-4
3.31E-4
3.3E-4
3.31E-4
3.3E-4
3.31E-4
3.33E-4
3.35E-4
3.36E-4
3.35E-4
3.35E-4
3.35E-4
3.33E-4
3.32E-4
3.32E-4
3.31E-4
3.3E-4
3.3E-4
3.33E-4
3.38E-4
3.38E-4
3.35E-4
3.35E-4
3.34E-4
3.32E-4
3.29E-4
3.29E-4
3.3E-4
3.3E-4
3.3E-4
3.33E-4
3.36E-4
3.37E-4
3.37E-4
3.38E-4
3.35E-4
3.3E-4
3.29E-4
3.29E-4
3.31E-4
3.33E-4
3.34E-4
3.36E-4
3.36E-4
3.34E-4
3.34E-4
3.33E-4
3.29E-4
3.3E-4
3.32E-4
3.32E-4
3.32E-4
3.34E-4
3.34E-4
3.34E-4
3.34E-4
3.33E-4
3.34E-4
3.36E-4
3.36E-4
3.34E-4
3.34E-4
3.35E-4
3.32E-4
3.3E-4
3.34E-4
3.34E-4
3.3E-4
3.3E-4
3.32E-4
3.34E-4
3.35E-4
3.34E-4
3.34E-4
3.37E-4
3.37E-4
3.35E-4
3.35E-4
3.36E-4
3.35E-4
3.32E-4
3.31E-4
3.31E-4
3.32E-4
3.32E-4
3.33E-4
3.35E-4
3.36E-4
3.34E-4
3.33E-4
3.33E-4
3.34E-4
3.35E-4
3.36E-4
3.35E-4
3.34E-4
3.3E-4
3.29E-4
3.32E-4
3.34E-4
3.34E-4
3.34E-4
3.32E-4
3.29E-4
3.32E-4
3.34E-4
3.31E-4
3.3E-4
3.32E-4
3.32E-4
3.32E-4
3.33E-4
3.35E-4
3.36E-4
3.35E-4
3.34E-4
3.34E-4
3.35E-4
3.36E-4
3.36E-4
3.35E-4
3.33E-4
3.32E-4
3.32E-4
3.32E-4
3.31E-4
3.32E-4
3.35E-4
3.37E-4
3.36E-4
3.35E-4
3.35E-4
3.35E-4
3.35E-4
3.32E-4
3.3E-4
3.29E-4
3.28E-4
3.33E-4
3.38E-4
3.37E-4
3.36E-4
3.36E-4
3.34E-4
3.35E-4
3.36E-4
3.35E-4
3.34E-4
3.32E-4
3.3E-4
3.29E-4
3.31E-4
3.33E-4
3.34E-4
3.32E-4
3.31E-4
3.32E-4
3.35E-4
3.39E-4
3.42E-4
3.39E-4
3.34E-4
3.3E-4
3.29E-4
3.31E-4
3.33E-4
3.33E-4
3.34E-4
3.35E-4
3.32E-4
3.33E-4
3.36E-4
3.36E-4
3.36E-4
3.34E-4
3.32E-4
3.33E-4
3.34E-4
3.32E-4
3.33E-4
3.33E-4
3.34E-4
3.36E-4
3.35E-4
3.34E-4
3.35E-4
3.34E-4
3.32E-4
3.34E-4
3.35E-4
3.35E-4
3.35E-4
3.35E-4
3.35E-4
3.34E-4
3.32E-4
3.33E-4
3.34E-4
3.33E-4
3.35E-4
3.34E-4
3.32E-4
3.33E-4
3.31E-4
3.31E-4
3.34E-4
3.35E-4
3.33E-4
3.33E-4
3.35E-4
3.34E-4
3.33E-4
3.34E-4
3.35E-4
3.33E-4
3.3E-4
3.31E-4
3.32E-4
3.31E-4
3.32E-4
3.33E-4
3.34E-4
3.34E-4
3.32E-4
3.32E-4
3.35E-4
3.36E-4
3.35E-4
3.34E-4
3.31E-4
3.31E-4
3.32E-4
3.31E-4
3.31E-4
3.31E-4
3.3E-4
3.29E-4
3.32E-4
3.36E-4
3.39E-4
3.38E-4
3.37E-4
3.38E-4
3.35E-4
3.3E-4
3.28E-4
3.3E-4
3.3E-4
3.31E-4
3.34E-4
3.37E-4
3.36E-4
3.37E-4
3.38E-4
3.36E-4
3.34E-4
3.34E-4
3.33E-4
3.33E-4
3.33E-4
3.31E-4
3.34E-4
3.38E-4
3.36E-4
3.36E-4
3.36E-4
3.34E-4
3.36E-4
3.35E-4
3.28E-4
3.27E-4
3.32E-4
3.34E-4
3.34E-4
3.32E-4
3.33E-4
3.35E-4
3.35E-4
3.35E-4
3.34E-4
3.35E-4
3.35E-4
3.32E-4
3.3E-4
3.33E-4
3.35E-4
3.34E-4
3.35E-4
3.35E-4
3.33E-4
3.34E-4
3.35E-4
3.36E-4
3.36E-4
3.33E-4
3.29E-4
3.34E-4
3.37E-4
3.39E-4
3.39E-4
3.39E-4
3.37E-4
3.35E-4
3.31E-4
3.33E-4
3.35E-4
3.32E-4
3.32E-4
3.33E-4
3.32E-4
3.32E-4
3.33E-4
3.34E-4
3.36E-4
3.36E-4
3.35E-4
3.36E-4
3.36E-4
3.34E-4
3.31E-4
3.3E-4
3.3E-4
3.28E-4
3.29E-4
3.33E-4
3.37E-4
3.38E-4
3.39E-4
3.37E-4
3.34E-4
3.32E-4
3.31E-4
3.31E-4
3.32E-4
3.33E-4
3.32E-4
3.35E-4
3.38E-4
3.37E-4
3.38E-4
3.38E-4
3.33E-4
3.29E-4
3.3E-4
3.31E-4
3.29E-4
3.28E-4
3.28E-4
3.29E-4
3.3E-4
3.33E-4
3.37E-4
3.4E-4
3.39E-4
3.36E-4
3.32E-4
3.29E-4
3.28E-4
3.29E-4
3.3E-4
3.32E-4
3.35E-4
3.39E-4
3.37E-4
3.33E-4
3.33E-4
3.33E-4
3.34E-4
3.36E-4
3.34E-4
3.33E-4
3.34E-4
3.32E-4
3.32E-4
3.34E-4
3.3E-4
3.29E-4
3.29E-4
3.32E-4
3.36E-4
3.37E-4
3.36E-4
3.37E-4
3.38E-4
3.36E-4
3.34E-4
3.33E-4
3.32E-4
3.31E-4
3.31E-4
3.34E-4
3.37E-4
3.35E-4
3.35E-4
3.36E-4
3.34E-4
3.33E-4
3.32E-4
3.3E-4
3.33E-4
3.38E-4
3.39E-4
3.36E-4
3.33E-4
3.3E-4
3.29E-4
3.3E-4
3.3E-4
3.31E-4
3.34E-4
3.35E-4
3.34E-4
3.37E-4
3.39E-4
3.36E-4
3.34E-4
3.34E-4
3.33E-4
3.32E-4
3.33E-4
3.33E-4
3.35E-4
3.36E-4
3.36E-4
3.37E-4
3.34E-4
3.27E-4
3.26E-4
3.25E-4
3.25E-4
3.29E-4
3.33E-4
3.36E-4
3.39E-4
3.38E-4
3.36E-4
3.35E-4
3.34E-4
3.34E-4
3.35E-4
3.33E-4
3.29E-4
3.28E-4
3.29E-4
3.32E-4
3.33E-4
3.33E-4
3.31E-4
3.31E-4
3.32E-4
3.3E-4
3.29E-4
3.31E-4
3.32E-4
3.33E-4
3.33E-4
3.35E-4
3.36E-4
3.35E-4
3.35E-4
3.35E-4
3.34E-4
3.33E-4
3.32E-4
3.3E-4
3.28E-4
3.29E-4
3.3E-4
3.32E-4
3.34E-4
3.33E-4
3.33E-4
3.34E-4
3.33E-4
3.33E-4
3.32E-4
3.31E-4
3.31E-4
3.33E-4
3.34E-4
3.34E-4
3.32E-4
3.28E-4
3.28E-4
3.34E-4
3.34E-4
3.31E-4
3.32E-4
3.32E-4
3.3E-4
3.3E-4
3.32E-4
3.34E-4
3.37E-4
3.34E-4
3.3E-4
3.31E-4
3.32E-4
3.3E-4
3.33E-4
3.37E-4
3.37E-4
3.32E-4
3.28E-4
3.28E-4
3.31E-4
3.31E-4
3.32E-4
3.33E-4
3.33E-4
3.33E-4
3.35E-4
3.35E-4
3.34E-4
3.32E-4
3.29E-4
3.3E-4
3.34E-4
3.34E-4
3.31E-4
3.29E-4
3.31E-4
3.33E-4
3.34E-4
3.37E-4
3.39E-4
3.37E-4
3.33E-4
3.27E-4
3.25E-4
3.27E-4
3.3E-4
3.3E-4
3.31E-4
3.34E-4
3.37E-4
3.36E-4
3.36E-4
3.36E-4
3.38E-4
3.37E-4
3.35E-4
3.33E-4
3.31E-4
3.29E-4
3.29E-4
3.31E-4
3.32E-4
3.31E-4
3.3E-4
3.32E-4
3.34E-4
3.33E-4
3.32E-4
3.33E-4
3.33E-4
3.36E-4
3.36E-4
3.34E-4
3.34E-4
3.35E-4
3.35E-4
3.32E-4
3.3E-4
3.34E-4
3.35E-4
3.32E-4
3.33E-4
3.34E-4
3.32E-4
3.32E-4
3.35E-4
3.34E-4
3.33E-4
3.32E-4
3.31E-4
3.32E-4
3.35E-4
3.34E-4
3.31E-4
3.3E-4
3.28E-4
3.28E-4
3.3E-4
3.33E-4
3.35E-4
3.37E-4
3.36E-4
3.34E-4
3.34E-4
3.33E-4
3.31E-4
3.32E-4
3.34E-4
3.32E-4
3.32E-4
3.35E-4
3.35E-4
3.33E-4
3.33E-4
3.33E-4
3.32E-4
3.3E-4
3.31E-4
3.32E-4
3.32E-4
3.31E-4
3.33E-4
3.34E-4
3.34E-4
3.35E-4
3.34E-4
3.33E-4
3.33E-4
3.32E-4
3.3E-4
3.3E-4
3.32E-4
3.34E-4
3.37E-4
3.36E-4
3.33E-4
3.34E-4
3.35E-4
3.35E-4
3.35E-4
3.33E-4
3.31E-4
3.28E-4
3.25E-4
3.25E-4
3.29E-4
3.32E-4
3.35E-4
3.37E-4
3.37E-4
3.35E-4
3.35E-4
3.36E-4
3.35E-4
3.31E-4
3.3E-4
3.3E-4
3.29E-4
3.3E-4
3.33E-4
3.34E-4
3.33E-4
3.34E-4
3.34E-4
3.33E-4
3.33E-4
3.33E-4
3.33E-4
3.32E-4
3.32E-4
3.33E-4
3.36E-4
3.36E-4
3.34E-4
3.33E-4
3.35E-4
3.35E-4
3.33E-4
3.33E-4
3.31E-4
3.3E-4
3.3E-4
3.3E-4
3.3E-4
3.31E-4
3.32E-4
3.35E-4
3.36E-4
3.32E-4
3.31E-4
3.35E-4
3.36E-4
3.34E-4
3.33E-4
3.33E-4
3.33E-4
3.3E-4
3.28E-4
3.31E-4
3.32E-4
3.3E-4
3.31E-4
3.33E-4
3.34E-4
3.35E-4
3.35E-4
3.33E-4
3.34E-4
3.35E-4
3.34E-4
3.32E-4
3.31E-4
3.31E-4
3.3E-4
3.28E-4
3.28E-4
3.32E-4
3.36E-4
3.36E-4
3.36E-4
3.34E-4
3.32E-4
3.3E-4
3.3E-4
3.31E-4
3.3E-4
3.3E-4
3.29E-4
3.29E-4
3.32E-4
3.34E-4
3.35E-4
3.36E-4
3.33E-4
3.3E-4
3.32E-4
3.34E-4
3.34E-4
3.33E-4
3.33E-4
3.33E-4
3.32E-4
3.32E-4
3.34E-4
3.32E-4
3.29E-4
3.27E-4
3.3E-4
3.32E-4
3.32E-4
3.33E-4
3.34E-4
3.37E-4
3.4E-4
3.37E-4
3.34E-4
3.3E-4
3.27E-4
3.28E-4
3.28E-4
3.28E-4
3.34E-4
3.38E-4
3.35E-4
3.32E-4
3.32E-4
3.31E-4
3.32E-4
3.33E-4
3.33E-4
3.34E-4
3.35E-4
3.36E-4
3.4E-4
3.39E-4
3.33E-4
3.31E-4
3.3E-4
3.27E-4
3.26E-4
3.26E-4
3.28E-4
3.33E-4
3.35E-4
3.36E-4
3.39E-4
3.41E-4
3.36E-4
3.31E-4
3.3E-4
3.29E-4
3.28E-4
3.28E-4
3.29E-4
3.33E-4
3.38E-4
3.36E-4
3.32E-4
3.34E-4
3.34E-4
3.32E-4
3.32E-4
3.33E-4
3.32E-4
3.31E-4
3.33E-4
3.33E-4
3.33E-4
3.31E-4
3.3E-4
3.31E-4
3.32E-4
3.34E-4
3.33E-4
3.29E-4
3.3E-4
3.32E-4
3.32E-4
3.34E-4
3.34E-4
3.32E-4
3.33E-4
3.33E-4
3.31E-4
3.33E-4
3.32E-4
3.3E-4
3.31E-4
3.31E-4
3.3E-4
3.32E-4
3.3E-4
3.3E-4
3.34E-4
3.34E-4
3.33E-4
3.35E-4
3.33E-4
3.31E-4
3.3E-4
3.28E-4
3.27E-4
3.26E-4
3.24E-4
3.26E-4
3.32E-4
3.36E-4
3.35E-4
3.32E-4
3.33E-4
3.36E-4
3.33E-4
3.28E-4
3.26E-4
3.25E-4
3.24E-4
3.26E-4
3.28E-4
3.29E-4
3.32E-4
3.34E-4
3.34E-4
3.33E-4
3.3E-4
3.29E-4
3.29E-4
3.26E-4
3.26E-4
3.25E-4
3.24E-4
3.25E-4
3.23E-4
3.23E-4
3.27E-4
3.27E-4
3.27E-4
3.28E-4
3.26E-4
3.26E-4
3.27E-4
3.23E-4
3.23E-4
3.26E-4
3.25E-4
3.28E-4
3.29E-4
3.27E-4
3.28E-4
3.29E-4
3.3E-4
3.34E-4
3.35E-4
3.33E-4
3.31E-4
3.28E-4
3.29E-4
3.32E-4
3.32E-4
3.33E-4
3.37E-4
3.37E-4
3.36E-4
3.34E-4
3.33E-4
3.33E-4
3.33E-4
3.33E-4
3.32E-4
3.32E-4
3.31E-4
3.32E-4
3.36E-4
3.35E-4
3.33E-4
3.35E-4
3.36E-4
3.33E-4
3.33E-4
3.35E-4
3.35E-4
3.32E-4
3.32E-4
3.32E-4
3.32E-4
3.34E-4
3.38E-4
3.39E-4
3.38E-4
3.36E-4
3.35E-4
3.36E-4
3.36E-4
3.36E-4
3.36E-4
3.34E-4
3.32E-4
3.3E-4
3.32E-4
3.36E-4
3.38E-4
3.38E-4
3.4E-4
3.41E-4
3.38E-4
3.35E-4
3.34E-4
3.33E-4
3.35E-4
3.32E-4
3.28E-4
3.3E-4
3.33E-4
3.32E-4
3.33E-4
3.35E-4
3.34E-4
3.34E-4
3.37E-4
3.37E-4
3.3E-4
3.29E-4
3.31E-4
3.29E-4
3.27E-4
3.3E-4
3.33E-4
3.32E-4
3.31E-4
3.31E-4
3.3E-4
3.3E-4
3.3E-4
3.3E-4
3.34E-4
3.33E-4
3.29E-4
3.3E-4
3.34E-4
3.32E-4
3.29E-4
3.32E-4
3.34E-4
3.32E-4
3.29E-4
3.27E-4
3.26E-4
3.31E-4
3.35E-4
3.37E-4
3.36E-4
3.32E-4
3.29E-4
3.3E-4
3.28E-4
3.25E-4
3.26E-4
3.27E-4
3.28E-4
3.3E-4
3.33E-4
3.37E-4
3.38E-4
3.33E-4
3.29E-4
3.29E-4
3.29E-4
3.28E-4
3.32E-4
3.33E-4
3.32E-4
3.33E-4
3.35E-4
3.35E-4
3.33E-4
3.31E-4
3.3E-4
3.31E-4
3.32E-4
3.32E-4
3.3E-4
3.32E-4
3.32E-4
3.29E-4
3.3E-4
3.34E-4
3.36E-4
3.34E-4
3.32E-4
3.35E-4
3.4E-4
3.37E-4
3.33E-4
3.34E-4
3.35E-4
3.32E-4
3.3E-4
3.3E-4
3.3E-4
3.34E-4
3.36E-4
3.36E-4
3.36E-4
3.37E-4
3.35E-4
3.33E-4
3.32E-4
3.33E-4
3.33E-4
3.29E-4
3.29E-4
3.33E-4
3.35E-4
3.34E-4
3.34E-4
3.35E-4
3.36E-4
3.34E-4
3.32E-4
3.32E-4
3.33E-4
3.33E-4
3.33E-4
3.33E-4
3.33E-4
3.34E-4
3.33E-4
3.34E-4
3.34E-4
3.31E-4
3.27E-4
3.27E-4
3.3E-4
3.33E-4
3.36E-4
3.37E-4
3.36E-4
3.35E-4
3.33E-4
3.36E-4
3.38E-4
3.35E-4
3.34E-4
3.32E-4
3.3E-4
3.33E-4
3.37E-4
3.37E-4
3.36E-4
3.33E-4
3.3E-4
3.29E-4
3.29E-4
3.32E-4
3.37E-4
3.37E-4
3.32E-4
3.32E-4
3.34E-4
3.35E-4
3.36E-4
3.33E-4
3.3E-4
3.3E-4
3.29E-4
3.29E-4
3.32E-4
3.34E-4
3.37E-4
3.36E-4
3.35E-4
3.37E-4
3.36E-4
3.3E-4
3.27E-4
3.27E-4
3.28E-4
3.27E-4
3.29E-4
3.33E-4
3.34E-4
3.34E-4
3.36E-4
3.37E-4
3.35E-4
3.34E-4
3.33E-4
3.31E-4
3.29E-4
3.29E-4
3.29E-4
3.29E-4
3.32E-4
3.36E-4
3.37E-4
3.36E-4
3.34E-4
3.33E-4
3.33E-4
3.33E-4
3.3E-4
3.29E-4
3.29E-4
3.29E-4
3.32E-4
3.35E-4
3.37E-4
3.35E-4
3.35E-4
3.34E-4
3.33E-4
3.32E-4
3.3E-4
3.31E-4
3.32E-4
3.31E-4
3.31E-4
3.3E-4
3.31E-4
3.36E-4
3.37E-4
3.34E-4
3.33E-4
3.32E-4
3.28E-4
3.27E-4
3.3E-4
3.33E-4
3.35E-4
3.35E-4
3.35E-4
3.35E-4
3.36E-4
3.35E-4
3.34E-4
3.34E-4
3.3E-4
3.24E-4
3.23E-4
3.3E-4
3.33E-4
3.33E-4
3.35E-4
3.37E-4
3.36E-4
3.35E-4
3.34E-4
3.34E-4
3.3E-4
3.27E-4
3.27E-4
3.3E-4
3.3E-4
3.32E-4
3.35E-4
3.35E-4
3.35E-4
3.35E-4
3.33E-4
3.33E-4
3.32E-4
3.31E-4
3.32E-4
3.33E-4
3.33E-4
3.35E-4
3.33E-4
3.3E-4
3.32E-4
3.31E-4
3.31E-4
3.34E-4
3.33E-4
3.32E-4
3.31E-4
3.3E-4
3.3E-4
3.32E-4
3.32E-4
3.34E-4
3.38E-4
3.37E-4
3.37E-4
3.37E-4
3.32E-4
3.27E-4
3.28E-4
3.32E-4
3.3E-4
3.27E-4
3.31E-4
3.34E-4
3.32E-4
3.34E-4
3.39E-4
3.38E-4
3.36E-4
3.35E-4
3.34E-4
3.32E-4
3.29E-4
3.28E-4
3.28E-4
3.26E-4
3.29E-4
3.34E-4
3.35E-4
3.35E-4
3.37E-4
3.36E-4
3.32E-4
3.34E-4
3.35E-4
3.31E-4
3.28E-4
3.32E-4
3.34E-4
3.32E-4
3.32E-4
3.37E-4
3.36E-4
3.34E-4
3.36E-4
3.34E-4
3.29E-4
3.29E-4
3.33E-4
3.35E-4
3.34E-4
3.34E-4
3.34E-4
3.33E-4
3.33E-4
3.33E-4
3.33E-4
3.33E-4
3.34E-4
3.34E-4
3.32E-4
3.33E-4
3.35E-4
3.32E-4
3.29E-4
3.32E-4
3.34E-4
3.32E-4
3.3E-4
3.33E-4
3.35E-4
3.33E-4
3.32E-4
3.33E-4
3.32E-4
3.32E-4
3.33E-4
3.32E-4
3.32E-4
3.31E-4
3.31E-4
3.33E-4
3.33E-4
3.32E-4
3.32E-4
3.32E-4
3.29E-4
3.29E-4
3.33E-4
3.36E-4
3.34E-4
3.32E-4
3.34E-4
3.34E-4
3.31E-4
3.31E-4
3.34E-4
3.34E-4
3.33E-4
3.32E-4
3.32E-4
3.34E-4
3.35E-4
3.34E-4
3.32E-4
3.31E-4
3.3E-4
3.31E-4
3.3E-4
3.33E-4
3.36E-4
3.35E-4
3.34E-4
3.35E-4
3.36E-4
3.37E-4
3.36E-4
3.34E-4
3.32E-4
3.3E-4
3.28E-4
3.28E-4
3.31E-4
3.32E-4
3.31E-4
3.3E-4
3.32E-4
3.34E-4
3.37E-4
3.36E-4
3.33E-4
3.3E-4
3.29E-4
3.31E-4
3.34E-4
3.34E-4
3.33E-4
3.32E-4
3.32E-4
3.33E-4
3.35E-4
3.34E-4
3.32E-4
3.29E-4
3.29E-4
3.3E-4
3.33E-4
3.35E-4
3.33E-4
3.34E-4
3.36E-4
3.34E-4
3.32E-4
3.32E-4
3.33E-4
3.32E-4
3.33E-4
3.33E-4
3.31E-4
3.31E-4
3.33E-4
3.37E-4
3.38E-4
3.34E-4
3.32E-4
3.32E-4
3.34E-4
3.34E-4
3.31E-4
3.3E-4
3.3E-4
3.29E-4
3.29E-4
3.32E-4
3.36E-4
3.39E-4
3.39E-4
3.37E-4
3.34E-4
3.32E-4
3.3E-4
3.31E-4
3.32E-4
3.3E-4
3.29E-4
3.28E-4
3.31E-4
3.35E-4
3.36E-4
3.35E-4
3.34E-4
3.32E-4
3.32E-4
3.33E-4
3.31E-4
3.32E-4
3.35E-4
3.36E-4
3.34E-4
3.33E-4
3.34E-4
3.36E-4
3.35E-4
3.35E-4
3.34E-4
3.32E-4
3.3E-4
3.3E-4
3.32E-4
3.35E-4
3.34E-4
3.32E-4
3.32E-4
3.35E-4
3.34E-4
3.33E-4
3.34E-4
3.34E-4
3.31E-4
3.3E-4
3.32E-4
3.33E-4
3.32E-4
3.34E-4
3.35E-4
3.33E-4
3.31E-4
3.31E-4
3.3E-4
3.33E-4
3.34E-4
3.3E-4
3.28E-4
3.31E-4
3.33E-4
3.35E-4
3.33E-4
3.3E-4
3.33E-4
3.33E-4
3.3E-4
3.31E-4
3.33E-4
3.33E-4
3.34E-4
3.31E-4
3.28E-4
3.3E-4
3.34E-4
3.35E-4
3.33E-4
3.3E-4
3.3E-4
3.32E-4
3.32E-4
3.33E-4
3.36E-4
3.35E-4
3.33E-4
3.33E-4
3.34E-4
3.33E-4
3.31E-4
3.31E-4
3.32E-4
3.31E-4
3.3E-4
3.32E-4
3.32E-4
3.3E-4
3.3E-4
3.32E-4
3.32E-4
3.32E-4
3.34E-4
3.34E-4
3.33E-4
3.33E-4
3.31E-4
3.3E-4
3.32E-4
3.32E-4
3.28E-4
3.26E-4
3.3E-4
3.32E-4
3.32E-4
3.32E-4
3.33E-4
3.34E-4
3.32E-4
3.31E-4
3.35E-4
3.34E-4
3.29E-4
3.31E-4
3.34E-4
3.31E-4
3.29E-4
3.3E-4
3.31E-4
3.33E-4
3.34E-4
3.34E-4
3.32E-4
3.31E-4
3.32E-4
3.34E-4
3.33E-4
3.31E-4
3.33E-4
3.33E-4
3.27E-4
3.27E-4
3.33E-4
3.36E-4
3.34E-4
3.32E-4
3.32E-4
3.3E-4
3.29E-4
3.32E-4
3.35E-4
3.33E-4
3.31E-4
3.32E-4
3.33E-4
3.32E-4
3.33E-4
3.34E-4
3.33E-4
3.29E-4
3.29E-4
3.33E-4
3.35E-4
3.34E-4
3.35E-4
3.35E-4
3.33E-4
3.33E-4
3.35E-4
3.35E-4
3.32E-4
3.32E-4
3.33E-4
3.31E-4
3.3E-4
3.34E-4
3.35E-4
3.33E-4
3.33E-4
3.33E-4
3.32E-4
3.31E-4
3.34E-4
3.35E-4
3.31E-4
3.31E-4
3.33E-4
3.3E-4
3.28E-4
3.32E-4
3.34E-4
3.29E-4
3.29E-4
3.33E-4
3.33E-4
3.34E-4
3.35E-4
3.34E-4
3.32E-4
3.3E-4
3.32E-4
3.35E-4
3.34E-4
3.33E-4
3.34E-4
3.33E-4
3.32E-4
3.32E-4
3.33E-4
3.33E-4
3.33E-4
3.33E-4
3.33E-4
3.33E-4
3.31E-4
3.32E-4
3.33E-4
3.31E-4
3.31E-4
3.33E-4
3.33E-4
3.33E-4
3.35E-4
3.37E-4
3.34E-4
3.31E-4
3.32E-4
3.33E-4
3.32E-4
3.32E-4
3.33E-4
3.33E-4
3.32E-4
3.3E-4
3.32E-4
3.33E-4
3.33E-4
3.34E-4
3.35E-4
3.34E-4
3.32E-4
3.3E-4
3.31E-4
3.31E-4
3.33E-4
3.34E-4
3.34E-4
3.31E-4
3.3E-4
3.32E-4
3.3E-4
3.31E-4
3.33E-4
3.3E-4
3.26E-4
3.3E-4
3.36E-4
3.38E-4
3.37E-4
3.35E-4
3.34E-4
3.32E-4
3.3E-4
3.33E-4
3.34E-4
3.33E-4
3.32E-4
3.31E-4
3.31E-4
3.33E-4
3.36E-4
3.37E-4
3.35E-4
3.3E-4
3.25E-4
3.27E-4
3.31E-4
3.32E-4
3.32E-4
3.33E-4
3.34E-4
3.34E-4
3.35E-4
3.36E-4
3.32E-4
3.29E-4
3.29E-4
3.27E-4
3.29E-4
3.34E-4
3.32E-4
3.32E-4
3.32E-4
3.3E-4
3.31E-4
3.32E-4
3.33E-4
3.36E-4
3.35E-4
3.32E-4
3.33E-4
3.33E-4
3.31E-4
3.31E-4
3.32E-4
3.33E-4
3.32E-4
3.31E-4
3.33E-4
3.35E-4
3.33E-4
3.33E-4
3.33E-4
3.3E-4
3.28E-4
3.29E-4
3.3E-4
3.32E-4
3.34E-4
3.32E-4
3.33E-4
3.34E-4
3.33E-4
3.33E-4
3.34E-4
3.31E-4
3.29E-4
3.29E-4
3.3E-4
3.33E-4
3.34E-4
3.31E-4
3.32E-4
3.33E-4
3.34E-4
3.35E-4
3.34E-4
3.3E-4
3.32E-4
3.33E-4
3.31E-4
3.33E-4
3.35E-4
3.33E-4
3.32E-4
3.3E-4
3.3E-4
3.32E-4
3.34E-4
3.34E-4
3.35E-4
3.34E-4
3.32E-4
3.3E-4
3.31E-4
3.32E-4
3.32E-4
3.31E-4
3.29E-4
3.29E-4
3.3E-4
3.34E-4
3.35E-4
3.35E-4
3.34E-4
3.33E-4
3.33E-4
3.32E-4
3.32E-4
3.32E-4
3.3E-4
3.31E-4
3.3E-4
3.27E-4
3.29E-4
3.33E-4
3.34E-4
3.36E-4
3.36E-4
3.35E-4
3.35E-4
3.33E-4
3.31E-4
3.32E-4
3.32E-4
3.28E-4
3.28E-4
3.31E-4
3.34E-4
3.34E-4
3.34E-4
3.34E-4
3.34E-4
3.33E-4
3.31E-4
3.3E-4
3.31E-4
3.33E-4
3.34E-4
3.33E-4
3.33E-4
3.35E-4
3.36E-4
3.34E-4
3.31E-4
3.3E-4
3.3E-4
3.3E-4
3.3E-4
3.31E-4
3.32E-4
3.32E-4
3.32E-4
3.32E-4
3.33E-4
3.34E-4
3.33E-4
3.32E-4
3.32E-4
3.32E-4
3.32E-4
3.32E-4
3.31E-4
3.32E-4
3.33E-4
3.32E-4
3.31E-4
3.33E-4
3.33E-4
3.33E-4
3.33E-4
3.32E-4
3.32E-4
3.31E-4
3.3E-4
3.32E-4
3.33E-4
3.34E-4
3.36E-4
3.35E-4
3.33E-4
3.33E-4
3.33E-4
3.34E-4
3.35E-4
3.33E-4
3.32E-4
3.33E-4
3.33E-4
3.32E-4
3.34E-4
3.35E-4
3.32E-4
3.3E-4
3.3E-4
3.3E-4
3.31E-4
3.32E-4
3.31E-4
3.32E-4
3.33E-4
3.31E-4
3.31E-4
3.32E-4
3.33E-4
3.35E-4
3.33E-4
3.28E-4
3.29E-4
3.33E-4
3.32E-4
3.3E-4
3.3E-4
3.32E-4
3.31E-4
3.32E-4
3.33E-4
3.35E-4
3.34E-4
3.32E-4
3.32E-4
3.32E-4
3.3E-4
3.33E-4
3.33E-4
3.3E-4
3.3E-4
3.33E-4
3.35E-4
3.33E-4
3.29E-4
3.31E-4
3.32E-4
3.29E-4
3.3E-4
3.31E-4
3.3E-4
3.32E-4
3.33E-4
3.34E-4
3.35E-4
3.34E-4
3.33E-4
3.35E-4
3.33E-4
3.3E-4
3.32E-4
3.32E-4
3.3E-4
3.31E-4
3.31E-4
3.32E-4
3.34E-4
3.32E-4
3.32E-4
3.32E-4
3.32E-4
3.32E-4
3.31E-4
3.32E-4
3.33E-4
3.33E-4
3.33E-4
3.34E-4
3.35E-4
3.33E-4
3.3E-4
3.3E-4
3.33E-4
3.35E-4
3.33E-4
3.33E-4
3.35E-4
3.32E-4
3.3E-4
3.3E-4
3.3E-4
3.3E-4
3.32E-4
3.33E-4
3.31E-4
3.31E-4
3.34E-4
3.34E-4
3.32E-4
3.32E-4
3.31E-4
3.29E-4
3.28E-4
3.3E-4
3.32E-4
3.33E-4
3.33E-4
3.32E-4
3.33E-4
3.33E-4
3.33E-4
3.35E-4
3.33E-4
3.28E-4
3.28E-4
3.31E-4
3.32E-4
3.32E-4
3.33E-4
3.32E-4
3.3E-4
3.3E-4
3.33E-4
3.35E-4
3.34E-4
3.31E-4
3.3E-4
3.3E-4
3.31E-4
3.32E-4
3.32E-4
3.31E-4
3.31E-4
3.33E-4
3.34E-4
3.34E-4
3.35E-4
3.34E-4
3.34E-4
3.34E-4
3.33E-4
3.31E-4
3.28E-4
3.29E-4
3.32E-4
3.34E-4
3.36E-4
3.35E-4
3.32E-4
3.31E-4
3.32E-4
3.31E-4
3.31E-4
3.3E-4
3.29E-4
3.3E-4
3.34E-4
3.36E-4
3.35E-4
3.34E-4
3.34E-4
3.33E-4
3.32E-4
3.31E-4
3.32E-4
3.31E-4
3.29E-4
3.29E-4
3.31E-4
3.32E-4
3.3E-4
3.31E-4
3.33E-4
3.34E-4
3.32E-4
3.32E-4
3.33E-4
3.31E-4
3.29E-4
3.29E-4
3.31E-4
3.3E-4
3.29E-4
3.31E-4
3.32E-4
3.33E-4
3.33E-4
3.32E-4
3.32E-4
3.32E-4
3.33E-4
3.34E-4
3.31E-4
3.3E-4
3.34E-4
3.33E-4
3.3E-4
3.32E-4
3.34E-4
3.35E-4
3.33E-4
3.32E-4
3.32E-4
3.33E-4
3.32E-4
3.31E-4
3.32E-4
3.31E-4
3.3E-4
3.32E-4
3.32E-4
3.31E-4
3.33E-4
3.34E-4
3.32E-4
3.32E-4
3.34E-4
3.34E-4
3.33E-4
3.35E-4
3.35E-4
3.33E-4
3.32E-4
3.33E-4
3.32E-4
3.3E-4
3.3E-4
3.3E-4
3.31E-4
3.31E-4
3.3E-4
3.33E-4
3.33E-4
3.3E-4
3.32E-4
3.34E-4
3.34E-4
3.34E-4
3.3E-4
3.29E-4
3.32E-4
3.32E-4
3.32E-4
3.33E-4
3.31E-4
3.3E-4
3.32E-4
3.31E-4
3.32E-4
3.33E-4
3.32E-4
3.32E-4
3.32E-4
3.32E-4
3.33E-4
3.34E-4
3.34E-4
3.34E-4
3.32E-4
3.32E-4
3.31E-4
3.3E-4
3.3E-4
3.32E-4
3.32E-4
3.32E-4
3.32E-4
3.32E-4
3.33E-4
3.33E-4
3.32E-4
3.33E-4
3.32E-4
3.28E-4
3.29E-4
3.33E-4
3.3E-4
3.3E-4
3.33E-4
3.33E-4
3.31E-4
3.32E-4
3.32E-4
3.3E-4
3.28E-4
3.28E-4
3.28E-4
3.3E-4
3.32E-4
3.32E-4
3.3E-4
3.32E-4
3.34E-4
3.33E-4
3.32E-4
3.33E-4
3.33E-4
3.29E-4
3.27E-4
3.29E-4
3.31E-4
3.32E-4
3.32E-4
3.32E-4
3.33E-4
3.33E-4
3.33E-4
3.31E-4
3.3E-4
3.31E-4
3.32E-4
3.32E-4
3.33E-4
3.32E-4
3.31E-4
3.32E-4
3.32E-4
3.33E-4
3.31E-4
3.28E-4
3.28E-4
3.31E-4
3.32E-4
3.32E-4
3.3E-4
3.28E-4
3.29E-4
3.31E-4
3.32E-4
3.33E-4
3.33E-4
3.32E-4
3.32E-4
3.35E-4
3.37E-4
3.34E-4
3.31E-4
3.31E-4
3.3E-4
3.29E-4
3.32E-4
3.33E-4
3.32E-4
3.33E-4
3.35E-4
3.35E-4
3.31E-4
3.29E-4
3.32E-4
3.31E-4
3.3E-4
3.32E-4
3.3E-4
3.29E-4
3.29E-4
3.31E-4
3.35E-4
3.37E-4
3.36E-4
3.33E-4
3.32E-4
3.32E-4
3.32E-4
3.33E-4
3.32E-4
3.3E-4
3.28E-4
3.26E-4
3.3E-4
3.34E-4
3.34E-4
3.35E-4
3.35E-4
3.34E-4
3.37E-4
3.37E-4
3.35E-4
3.35E-4
3.34E-4
3.32E-4
3.3E-4
3.29E-4
3.3E-4
3.32E-4
3.33E-4
3.34E-4
3.36E-4
3.36E-4
3.34E-4
3.34E-4
3.34E-4
3.34E-4
3.35E-4
3.33E-4
3.3E-4
3.29E-4
3.3E-4
3.31E-4
3.32E-4
3.32E-4
3.3E-4
3.29E-4
3.33E-4
3.35E-4
3.33E-4
3.32E-4
3.31E-4
3.3E-4
3.32E-4
3.33E-4
3.34E-4
3.36E-4
3.34E-4
3.32E-4
3.32E-4
3.33E-4
3.34E-4
3.33E-4
3.3E-4
3.32E-4
3.33E-4
3.31E-4
3.3E-4
3.31E-4
3.3E-4
3.3E-4
3.28E-4
3.27E-4
3.29E-4
3.3E-4
3.3E-4
3.33E-4
3.34E-4
3.33E-4
3.35E-4
3.35E-4
3.32E-4
3.32E-4
3.31E-4
3.3E-4
3.31E-4
3.3E-4
3.29E-4
3.32E-4
3.34E-4
3.35E-4
3.35E-4
3.32E-4
3.3E-4
3.3E-4
3.31E-4
3.33E-4
3.34E-4
3.32E-4
3.33E-4
3.35E-4
3.34E-4
3.34E-4
3.34E-4
3.33E-4
3.3E-4
3.3E-4
3.32E-4
3.32E-4
3.3E-4
3.29E-4
3.31E-4
3.32E-4
3.33E-4
3.33E-4
3.34E-4
3.35E-4
3.33E-4
3.32E-4
3.33E-4
3.3E-4
3.28E-4
3.3E-4
3.31E-4
3.29E-4
3.29E-4
3.29E-4
3.29E-4
3.32E-4
3.34E-4
3.34E-4
3.34E-4
3.33E-4
3.31E-4
3.31E-4
3.3E-4
3.3E-4
3.28E-4
3.26E-4
3.29E-4
3.32E-4
3.32E-4
3.34E-4
3.37E-4
3.39E-4
3.37E-4
3.33E-4
3.31E-4
3.34E-4
3.31E-4
3.28E-4
3.26E-4
3.24E-4
3.27E-4
3.32E-4
3.32E-4
3.35E-4
3.38E-4
3.39E-4
3.38E-4
3.36E-4
3.33E-4
3.32E-4
3.3E-4
3.27E-4
3.26E-4
3.28E-4
3.28E-4
3.27E-4
3.3E-4
3.34E-4
3.34E-4
3.33E-4
3.33E-4
3.33E-4
3.31E-4
3.31E-4
3.31E-4
3.28E-4
3.28E-4
3.32E-4
3.34E-4
3.36E-4
3.36E-4
3.34E-4
3.34E-4
3.34E-4
3.33E-4
3.33E-4
3.28E-4
3.25E-4
3.26E-4
3.28E-4
3.33E-4
3.36E-4
3.35E-4
3.35E-4
3.34E-4
3.33E-4
3.35E-4
3.34E-4
3.3E-4
3.28E-4
3.28E-4
3.27E-4
3.28E-4
3.3E-4
3.29E-4
3.32E-4
3.35E-4
3.36E-4
3.37E-4
3.35E-4
3.33E-4
3.33E-4
3.31E-4
3.29E-4
3.28E-4
3.3E-4
3.31E-4
3.34E-4
3.37E-4
3.37E-4
3.36E-4
3.36E-4
3.34E-4
3.29E-4
3.29E-4
3.3E-4
3.29E-4
3.3E-4
3.32E-4
3.32E-4
3.32E-4
3.34E-4
3.37E-4
3.37E-4
3.35E-4
3.33E-4
3.32E-4
3.3E-4
3.3E-4
3.31E-4
3.33E-4
3.34E-4
3.33E-4
3.32E-4
3.35E-4
3.37E-4
3.36E-4
3.36E-4
3.34E-4
3.28E-4
3.27E-4
3.3E-4
3.32E-4
3.32E-4
3.3E-4
3.29E-4
3.29E-4
3.3E-4
3.36E-4
3.39E-4
3.36E-4
3.32E-4
3.31E-4
3.31E-4
3.34E-4
3.36E-4
3.33E-4
3.3E-4
3.28E-4
3.26E-4
3.28E-4
3.32E-4
3.33E-4
3.34E-4
3.34E-4
3.31E-4
3.31E-4
3.34E-4
3.35E-4
3.36E-4
3.34E-4
3.32E-4
3.31E-4
3.28E-4
3.29E-4
3.35E-4
3.36E-4
3.33E-4
3.31E-4
3.29E-4
3.29E-4
3.32E-4
3.34E-4
3.35E-4
3.35E-4
3.32E-4
3.29E-4
3.32E-4
3.34E-4
3.34E-4
3.32E-4
3.31E-4
3.3E-4
3.27E-4
3.3E-4
3.35E-4
3.34E-4
3.34E-4
3.34E-4
3.34E-4
3.37E-4
3.36E-4
3.32E-4
3.31E-4
3.29E-4
3.26E-4
3.28E-4
3.32E-4
3.34E-4
3.34E-4
3.32E-4
3.33E-4
3.38E-4
3.37E-4
3.34E-4
3.33E-4
3.29E-4
3.27E-4
3.28E-4
3.3E-4
3.31E-4
3.33E-4
3.33E-4
3.33E-4
3.34E-4
3.33E-4
3.31E-4
3.33E-4
3.34E-4
3.32E-4
3.29E-4
3.31E-4
3.33E-4
3.32E-4
3.32E-4
3.34E-4
3.36E-4
3.35E-4
3.31E-4
3.29E-4
3.31E-4
3.33E-4
3.32E-4
3.3E-4
3.28E-4
3.3E-4
3.34E-4
3.38E-4
3.41E-4
3.4E-4
3.36E-4
3.35E-4
3.34E-4
3.31E-4
3.29E-4
3.27E-4
3.27E-4
3.31E-4
3.32E-4
3.32E-4
3.33E-4
3.34E-4
3.37E-4
3.4E-4
3.37E-4
3.33E-4
3.31E-4
3.29E-4
3.3E-4
3.31E-4
3.3E-4
3.3E-4
3.33E-4
3.35E-4
3.37E-4
3.36E-4
3.31E-4
3.3E-4
3.33E-4
3.34E-4
3.34E-4
3.32E-4
3.31E-4
3.32E-4
3.31E-4
3.33E-4
3.35E-4
3.34E-4
3.35E-4
3.34E-4
3.33E-4
3.33E-4
3.31E-4
3.31E-4
3.34E-4
3.35E-4
3.35E-4
3.32E-4
3.29E-4
3.3E-4
3.33E-4
3.34E-4
3.34E-4
3.32E-4
3.32E-4
3.35E-4
3.36E-4
3.34E-4
3.33E-4
3.34E-4
3.33E-4
3.3E-4
3.31E-4
3.3E-4
3.28E-4
3.31E-4
3.36E-4
3.37E-4
3.36E-4
3.34E-4
3.32E-4
3.3E-4
3.32E-4
3.34E-4
3.3E-4
3.25E-4
3.26E-4
3.3E-4
3.36E-4
3.39E-4
3.35E-4
3.32E-4
3.33E-4
3.35E-4
3.37E-4
3.35E-4
3.31E-4
3.29E-4
3.28E-4
3.27E-4
3.3E-4
3.33E-4
3.34E-4
3.35E-4
3.34E-4
3.32E-4
3.35E-4
3.37E-4
3.37E-4
3.35E-4
3.31E-4
3.3E-4
3.31E-4
3.3E-4
3.3E-4
3.31E-4
3.32E-4
3.32E-4
3.32E-4
3.34E-4
3.33E-4
3.32E-4
3.29E-4
3.28E-4
3.28E-4
3.28E-4
3.31E-4
3.35E-4
3.36E-4
3.35E-4
3.37E-4
3.35E-4
3.31E-4
3.28E-4
3.27E-4
3.28E-4
3.29E-4
3.29E-4
3.3E-4
3.33E-4
3.35E-4
3.37E-4
3.38E-4
3.38E-4
3.35E-4
3.32E-4
3.31E-4
3.31E-4
3.31E-4
3.3E-4
3.29E-4
3.3E-4
3.31E-4
3.31E-4
3.33E-4
3.36E-4
3.35E-4
3.34E-4
3.32E-4
3.31E-4
3.32E-4
3.33E-4
3.32E-4
3.29E-4
3.28E-4
3.3E-4
3.32E-4
3.34E-4
3.38E-4
3.38E-4
3.35E-4
3.35E-4
3.33E-4
3.31E-4
3.33E-4
3.33E-4
3.29E-4
3.31E-4
3.32E-4
3.32E-4
3.35E-4
3.36E-4
3.37E-4
3.36E-4
3.31E-4
3.28E-4
3.29E-4
3.3E-4
3.33E-4
3.34E-4
3.32E-4
3.33E-4
3.34E-4
3.35E-4
3.34E-4
3.31E-4
3.29E-4
3.29E-4
3.3E-4
3.31E-4
3.32E-4
3.33E-4
3.37E-4
3.37E-4
3.34E-4
3.35E-4
3.36E-4
3.34E-4
3.32E-4
3.33E-4
3.31E-4
3.3E-4
3.32E-4
3.29E-4
3.28E-4
3.33E-4
3.35E-4
3.33E-4
3.32E-4
3.32E-4
3.34E-4
3.36E-4
3.35E-4
3.32E-4
3.29E-4
3.3E-4
3.34E-4
3.35E-4
3.34E-4
3.33E-4
3.32E-4
3.32E-4
3.33E-4
3.32E-4
3.32E-4
3.33E-4
3.32E-4
3.29E-4
3.31E-4
3.32E-4
3.3E-4
3.3E-4
3.34E-4
3.37E-4
3.37E-4
3.34E-4
3.34E-4
3.33E-4
3.32E-4
3.31E-4
3.31E-4
3.3E-4
3.3E-4
3.31E-4
3.32E-4
3.35E-4
3.36E-4
3.34E-4
3.31E-4
3.3E-4
3.31E-4
3.32E-4
3.32E-4
3.32E-4
3.31E-4
3.32E-4
3.33E-4
3.32E-4
3.33E-4
3.37E-4
3.37E-4
3.34E-4
3.33E-4
3.33E-4
3.33E-4
3.32E-4
3.3E-4
3.29E-4
3.29E-4
3.28E-4
3.3E-4
3.32E-4
3.32E-4
3.34E-4
3.34E-4
3.33E-4
3.33E-4
3.34E-4
3.34E-4
3.32E-4
3.29E-4
3.28E-4
3.3E-4
3.3E-4
3.3E-4
3.31E-4
3.31E-4
3.31E-4
3.31E-4
3.32E-4
3.36E-4
3.35E-4
3.32E-4
3.3E-4
3.29E-4
3.29E-4
3.33E-4
3.35E-4
3.33E-4
3.33E-4
3.34E-4
3.35E-4
3.35E-4
3.33E-4
3.29E-4
3.3E-4
3.33E-4
3.33E-4
3.29E-4
3.29E-4
3.32E-4
3.33E-4
3.33E-4
3.33E-4
3.33E-4
3.32E-4
3.3E-4
3.3E-4
3.32E-4
3.32E-4
3.33E-4
3.3E-4
3.29E-4
3.33E-4
3.35E-4
3.33E-4
3.31E-4
3.3E-4
3.27E-4
3.26E-4
3.3E-4
3.32E-4
3.32E-4
3.33E-4
3.32E-4
3.32E-4
3.35E-4
3.36E-4
3.34E-4
3.33E-4
3.32E-4
3.31E-4
3.28E-4
3.28E-4
3.31E-4
3.32E-4
3.32E-4
3.34E-4
3.34E-4
3.34E-4
3.33E-4
3.32E-4
3.32E-4
3.32E-4
3.31E-4
3.32E-4
3.33E-4
3.33E-4
3.36E-4
3.37E-4
3.35E-4
3.34E-4
3.31E-4
3.26E-4
3.27E-4
3.31E-4
3.3E-4
3.32E-4
3.32E-4
3.28E-4
3.31E-4
3.35E-4
3.36E-4
3.37E-4
3.34E-4
3.31E-4
3.32E-4
3.33E-4
3.32E-4
3.31E-4
3.29E-4
3.29E-4
3.29E-4
3.32E-4
3.36E-4
3.36E-4
3.36E-4
3.35E-4
3.31E-4
3.3E-4
3.31E-4
3.28E-4
3.28E-4
3.31E-4
3.32E-4
3.31E-4
3.33E-4
3.36E-4
3.4E-4
3.39E-4
3.34E-4
3.32E-4
3.3E-4
3.27E-4
3.29E-4
3.32E-4
3.29E-4
3.28E-4
3.32E-4
3.33E-4
3.34E-4
3.37E-4
3.39E-4
3.38E-4
3.32E-4
3.27E-4
3.29E-4
3.31E-4
3.32E-4
3.35E-4
3.35E-4
3.33E-4
3.33E-4
3.33E-4
3.33E-4
3.34E-4
3.32E-4
3.31E-4
3.31E-4
3.28E-4
3.28E-4
3.32E-4
3.34E-4
3.33E-4
3.32E-4
3.32E-4
3.34E-4
3.35E-4
3.35E-4
3.33E-4
3.3E-4
3.28E-4
3.29E-4
3.32E-4
3.32E-4
3.34E-4
3.36E-4
3.35E-4
3.34E-4
3.34E-4
3.32E-4
3.3E-4
3.33E-4
3.34E-4
3.32E-4
3.33E-4
3.35E-4
3.34E-4
3.34E-4
3.35E-4
3.34E-4
3.31E-4
3.31E-4
3.3E-4
3.32E-4
3.34E-4
3.33E-4
3.32E-4
3.32E-4
3.32E-4
3.35E-4
3.35E-4
3.33E-4
3.32E-4
3.28E-4
3.27E-4
3.32E-4
3.35E-4
3.34E-4
3.34E-4
3.33E-4
3.32E-4
3.34E-4
3.35E-4
3.36E-4
3.33E-4
3.28E-4
3.24E-4
3.24E-4
3.28E-4
3.33E-4
3.33E-4
3.33E-4
3.34E-4
3.34E-4
3.34E-4
3.34E-4
3.34E-4
3.34E-4
3.34E-4
3.33E-4
3.32E-4
3.3E-4
3.31E-4
3.32E-4
3.31E-4
3.31E-4
3.32E-4
3.31E-4
3.33E-4
3.38E-4
3.36E-4
3.33E-4
3.32E-4
3.31E-4
3.3E-4
3.32E-4
3.34E-4
3.35E-4
3.33E-4
3.32E-4
3.34E-4
3.33E-4
3.33E-4
3.36E-4
3.34E-4
3.31E-4
3.3E-4
3.31E-4
3.33E-4
3.34E-4
3.3E-4
3.3E-4
3.33E-4
3.31E-4
3.29E-4
3.32E-4
3.34E-4
3.34E-4
3.33E-4
3.32E-4
3.31E-4
3.33E-4
3.34E-4
3.33E-4
3.33E-4
3.32E-4
3.32E-4
3.33E-4
3.34E-4
3.32E-4
3.32E-4
3.33E-4
3.33E-4
3.32E-4
3.31E-4
3.31E-4
3.31E-4
3.33E-4
3.36E-4
3.37E-4
3.37E-4
3.36E-4
3.31E-4
3.29E-4
3.34E-4
3.36E-4
3.32E-4
3.29E-4
3.29E-4
3.31E-4
3.33E-4
3.36E-4
3.38E-4
3.34E-4
3.3E-4
3.32E-4
3.34E-4
3.35E-4
3.35E-4
3.31E-4
3.29E-4
3.29E-4
3.29E-4
3.33E-4
3.36E-4
3.33E-4
3.3E-4
3.3E-4
3.31E-4
3.33E-4
3.33E-4
3.33E-4
3.32E-4
3.28E-4
3.29E-4
3.35E-4
3.36E-4
3.35E-4
3.35E-4
3.34E-4
3.33E-4
3.33E-4
3.31E-4
3.32E-4
3.33E-4
3.29E-4
3.27E-4
3.28E-4
3.3E-4
3.34E-4
3.35E-4
3.36E-4
3.37E-4
3.35E-4
3.33E-4
3.33E-4
3.35E-4
3.35E-4
3.34E-4
3.3E-4
3.29E-4
3.31E-4
3.32E-4
3.33E-4
3.36E-4
3.36E-4
3.33E-4
3.3E-4
3.3E-4
3.3E-4
3.3E-4
3.32E-4
3.32E-4
3.31E-4
3.32E-4
3.34E-4
3.36E-4
3.36E-4
3.33E-4
3.31E-4
3.31E-4
3.28E-4
3.28E-4
3.31E-4
3.31E-4
3.3E-4
3.3E-4
3.31E-4
3.34E-4
3.36E-4
3.37E-4
3.38E-4
3.35E-4
3.31E-4
3.31E-4
3.31E-4
3.31E-4
3.35E-4
3.35E-4
3.33E-4
3.33E-4
3.35E-4
3.34E-4
3.33E-4
3.34E-4
3.33E-4
3.31E-4
3.31E-4
3.31E-4
3.31E-4
3.32E-4
3.33E-4
3.35E-4
3.36E-4
3.35E-4
3.33E-4
3.32E-4
3.3E-4
3.31E-4
3.3E-4
3.32E-4
3.34E-4
3.33E-4
3.32E-4
3.34E-4
3.34E-4
3.33E-4
3.31E-4
3.29E-4
3.29E-4
3.32E-4
3.32E-4
3.3E-4
3.31E-4
3.31E-4
3.32E-4
3.35E-4
3.36E-4
3.34E-4
3.32E-4
3.32E-4
3.31E-4
3.29E-4
3.29E-4
3.29E-4
3.3E-4
3.31E-4
3.29E-4
3.31E-4
3.34E-4
3.33E-4
3.34E-4
3.34E-4
3.3E-4
3.29E-4
3.29E-4
3.3E-4
3.33E-4
3.34E-4
3.33E-4
3.34E-4
3.33E-4
3.31E-4
3.34E-4
3.35E-4
3.32E-4
3.3E-4
3.3E-4
3.29E-4
3.3E-4
3.32E-4
3.33E-4
3.35E-4
3.35E-4
3.32E-4
3.3E-4
3.32E-4
3.33E-4
3.33E-4
3.32E-4
3.33E-4
3.31E-4
3.28E-4
3.31E-4
3.35E-4
3.34E-4
3.34E-4
3.35E-4
3.34E-4
3.32E-4
3.31E-4
3.3E-4
3.31E-4
3.32E-4
3.29E-4
3.27E-4
3.29E-4
3.32E-4
3.34E-4
3.38E-4
3.37E-4
3.31E-4
3.28E-4
3.29E-4
3.3E-4
3.34E-4
3.34E-4
3.3E-4
3.29E-4
3.33E-4
3.35E-4
3.36E-4
3.37E-4
3.32E-4
3.28E-4
3.29E-4
3.3E-4
3.31E-4
3.31E-4
3.31E-4
3.33E-4
3.34E-4
3.34E-4
3.37E-4
3.36E-4
3.3E-4
3.26E-4
3.24E-4
3.27E-4
3.3E-4
3.3E-4
3.31E-4
3.34E-4
3.34E-4
3.35E-4
3.36E-4
3.34E-4
3.31E-4
3.29E-4
3.29E-4
3.3E-4
3.3E-4
3.31E-4
3.31E-4
3.3E-4
3.3E-4
3.33E-4
3.35E-4
3.34E-4
3.33E-4
3.34E-4
3.33E-4
3.33E-4
3.33E-4
3.32E-4
3.29E-4
3.31E-4
3.3E-4
3.29E-4
3.33E-4
3.35E-4
3.35E-4
3.33E-4
3.32E-4
3.32E-4
3.32E-4
3.29E-4
3.27E-4
3.28E-4
3.29E-4
3.29E-4
3.32E-4
3.35E-4
3.34E-4
3.34E-4
3.37E-4
3.39E-4
3.36E-4
3.31E-4
3.29E-4
3.31E-4
3.32E-4
3.32E-4
3.33E-4
3.31E-4
3.29E-4
3.32E-4
3.33E-4
3.35E-4
3.37E-4
3.35E-4
3.31E-4
3.28E-4
3.26E-4
3.28E-4
3.32E-4
3.32E-4
3.32E-4
3.32E-4
3.31E-4
3.31E-4
3.31E-4
3.3E-4
3.32E-4
3.3E-4
3.26E-4
3.27E-4
3.29E-4
3.31E-4
3.32E-4
3.34E-4
3.36E-4
3.38E-4
3.35E-4
3.32E-4
3.32E-4
3.32E-4
3.29E-4
3.29E-4
3.34E-4
3.37E-4
3.34E-4
3.3E-4
3.31E-4
3.33E-4
3.33E-4
3.3E-4
3.27E-4
3.28E-4
3.3E-4
3.3E-4
3.32E-4
3.32E-4
3.31E-4
3.33E-4
3.37E-4
3.38E-4
3.35E-4
3.29E-4
3.27E-4
3.29E-4
3.32E-4
3.3E-4
3.31E-4
3.33E-4
3.33E-4
3.31E-4
3.3E-4
3.3E-4
3.33E-4
3.34E-4
3.29E-4
3.29E-4
3.31E-4
3.3E-4
3.29E-4
3.32E-4
3.33E-4
3.34E-4
3.35E-4
3.34E-4
3.31E-4
3.32E-4
3.33E-4
3.29E-4
3.26E-4
3.26E-4
3.26E-4
3.27E-4
3.31E-4
3.34E-4
3.35E-4
3.38E-4
3.37E-4
3.33E-4
3.3E-4
3.29E-4
3.3E-4
3.3E-4
3.29E-4
3.28E-4
3.28E-4
3.33E-4
3.34E-4
3.32E-4
3.32E-4
3.31E-4
3.3E-4
3.3E-4
3.28E-4
3.28E-4
3.32E-4
3.3E-4
3.28E-4
3.3E-4
3.32E-4
3.34E-4
3.37E-4
3.36E-4
3.33E-4
3.32E-4
3.32E-4
3.3E-4
3.29E-4
3.29E-4
3.29E-4
3.3E-4
3.3E-4
3.32E-4
3.34E-4
3.33E-4
3.35E-4
3.36E-4
3.32E-4
3.29E-4
3.3E-4
3.33E-4
3.34E-4
3.32E-4
3.3E-4
3.33E-4
3.33E-4
3.29E-4
3.29E-4
3.32E-4
3.33E-4
3.33E-4
3.33E-4
3.32E-4
3.32E-4
3.33E-4
3.32E-4
3.3E-4
3.3E-4
3.3E-4
3.31E-4
3.35E-4
3.37E-4
3.34E-4
3.31E-4
3.32E-4
3.31E-4
3.29E-4
3.3E-4
3.3E-4
3.28E-4
3.3E-4
3.33E-4
3.32E-4
3.32E-4
3.34E-4
3.33E-4
3.32E-4
3.31E-4
3.3E-4
3.31E-4
3.33E-4
3.33E-4
3.32E-4
3.32E-4
3.33E-4
3.31E-4
3.3E-4
3.3E-4
3.3E-4
3.3E-4
3.31E-4
3.31E-4
3.31E-4
3.3E-4
3.31E-4
3.32E-4
3.33E-4
3.31E-4
3.3E-4
3.32E-4
3.33E-4
3.33E-4
3.32E-4
3.31E-4
3.31E-4
3.31E-4
3.3E-4
3.32E-4
3.32E-4
3.3E-4
3.29E-4
3.3E-4
3.32E-4
3.35E-4
3.34E-4
3.33E-4
3.34E-4
3.31E-4
3.28E-4
3.3E-4
3.33E-4
3.34E-4
3.33E-4
3.32E-4
3.33E-4
3.31E-4
3.29E-4
3.31E-4
3.32E-4
3.32E-4
3.31E-4
3.31E-4
3.34E-4
3.37E-4
3.35E-4
3.31E-4
3.31E-4
3.32E-4
3.33E-4
3.33E-4
3.33E-4
3.33E-4
3.32E-4
3.31E-4
3.31E-4
3.29E-4
3.29E-4
3.29E-4
3.28E-4
3.29E-4
3.32E-4
3.32E-4
3.33E-4
3.36E-4
3.35E-4
3.33E-4
3.32E-4
3.28E-4
3.28E-4
3.32E-4
3.33E-4
3.32E-4
3.31E-4
3.31E-4
3.32E-4
3.36E-4
3.36E-4
3.33E-4
3.31E-4
3.32E-4
3.32E-4
3.3E-4
3.29E-4
3.3E-4
3.32E-4
3.34E-4
3.33E-4
3.31E-4
3.32E-4
3.35E-4
3.35E-4
3.33E-4
3.3E-4
3.3E-4
3.31E-4
3.3E-4
3.28E-4
3.28E-4
3.3E-4
3.32E-4
3.32E-4
3.3E-4
3.32E-4
3.33E-4
3.33E-4
3.34E-4
3.33E-4
3.3E-4
3.3E-4
3.33E-4
3.35E-4
3.32E-4
3.3E-4
3.31E-4
3.33E-4
3.32E-4
3.32E-4
3.33E-4
3.32E-4
3.3E-4
3.32E-4
3.31E-4
3.29E-4
3.3E-4
3.33E-4
3.34E-4
3.34E-4
3.32E-4
3.3E-4
3.32E-4
3.34E-4
3.34E-4
3.31E-4
3.29E-4
3.3E-4
3.31E-4
3.29E-4
3.32E-4
3.34E-4
3.32E-4
3.3E-4
3.31E-4
3.33E-4
3.33E-4
3.31E-4
3.3E-4
3.32E-4
3.32E-4
3.3E-4
3.33E-4
3.36E-4
3.35E-4
3.34E-4
3.35E-4
3.34E-4
3.32E-4
3.32E-4
3.32E-4
3.29E-4
3.27E-4
3.28E-4
3.27E-4
3.28E-4
3.31E-4
3.35E-4
3.35E-4
3.33E-4
3.33E-4
3.31E-4
3.29E-4
3.31E-4
3.33E-4
3.32E-4
3.29E-4
3.3E-4
3.29E-4
3.27E-4
3.29E-4
3.32E-4
3.32E-4
3.31E-4
3.3E-4
3.31E-4
3.32E-4
3.32E-4
3.32E-4
3.31E-4
3.3E-4
3.32E-4
3.32E-4
3.32E-4
3.34E-4
3.32E-4
3.29E-4
3.29E-4
3.29E-4
3.32E-4
3.35E-4
3.34E-4
3.32E-4
3.29E-4
3.29E-4
3.31E-4
3.33E-4
3.35E-4
3.34E-4
3.31E-4
3.31E-4
3.34E-4
3.33E-4
3.28E-4
3.29E-4
3.3E-4
3.3E-4
3.32E-4
3.34E-4
3.35E-4
3.35E-4
3.37E-4
3.38E-4
3.33E-4
3.28E-4
3.29E-4
3.29E-4
3.28E-4
3.3E-4
3.31E-4
3.31E-4
3.34E-4
3.37E-4
3.38E-4
3.35E-4
3.3E-4
3.28E-4
3.31E-4
3.32E-4
3.31E-4
3.31E-4
3.3E-4
3.3E-4
3.3E-4
3.29E-4
3.29E-4
3.3E-4
3.32E-4
3.34E-4
3.33E-4
3.31E-4
3.32E-4
3.34E-4
3.35E-4
3.35E-4
3.32E-4
3.29E-4
3.29E-4
3.31E-4
3.33E-4
3.32E-4
3.29E-4
3.3E-4
3.33E-4
3.32E-4
3.31E-4
3.32E-4
3.3E-4
3.3E-4
3.34E-4
3.33E-4
3.31E-4
3.34E-4
3.37E-4
3.34E-4
3.33E-4
3.32E-4
3.29E-4
3.3E-4
3.3E-4
3.31E-4
3.33E-4
3.34E-4
3.32E-4
3.3E-4
3.31E-4
3.35E-4
3.35E-4
3.32E-4
3.31E-4
3.29E-4
3.29E-4
3.31E-4
3.34E-4
3.34E-4
3.32E-4
3.3E-4
3.31E-4
3.32E-4
3.31E-4
3.3E-4
3.3E-4
3.31E-4
3.32E-4
3.32E-4
3.35E-4
3.37E-4
3.35E-4
3.32E-4
3.32E-4
3.29E-4
3.29E-4
3.3E-4
3.3E-4
3.31E-4
3.31E-4
3.31E-4
3.33E-4
3.33E-4
3.31E-4
3.3E-4
3.28E-4
3.28E-4
3.28E-4
3.28E-4
3.3E-4
3.33E-4
3.34E-4
3.37E-4
3.37E-4
3.34E-4
3.32E-4
3.32E-4
3.3E-4
3.28E-4
3.25E-4
3.24E-4
3.28E-4
3.34E-4
3.36E-4
3.36E-4
3.36E-4
3.37E-4
3.36E-4
3.33E-4
3.33E-4
3.33E-4
3.31E-4
3.28E-4
3.26E-4
3.27E-4
3.31E-4
3.34E-4
3.34E-4
3.35E-4
3.35E-4
3.35E-4
3.35E-4
3.34E-4
3.31E-4
3.3E-4
3.32E-4
3.29E-4
3.24E-4
3.23E-4
3.29E-4
3.32E-4
3.34E-4
3.38E-4
3.38E-4
3.36E-4
3.36E-4
3.32E-4
3.29E-4
3.32E-4
3.32E-4
3.31E-4
3.3E-4
3.3E-4
3.33E-4
3.38E-4
3.38E-4
3.34E-4
3.29E-4
3.26E-4
3.28E-4
3.33E-4
3.33E-4
3.32E-4
3.3E-4
3.28E-4
3.31E-4
3.35E-4
3.32E-4
3.32E-4
3.34E-4
3.32E-4
3.33E-4
3.36E-4
3.36E-4
3.34E-4
3.31E-4
3.28E-4
3.29E-4
3.3E-4
3.33E-4
3.36E-4
3.36E-4
3.33E-4
3.32E-4
3.34E-4
3.34E-4
3.33E-4
3.3E-4
3.27E-4
3.27E-4
3.29E-4
3.32E-4
3.33E-4
3.33E-4
3.34E-4
3.36E-4
3.36E-4
3.33E-4
3.31E-4
3.3E-4
3.29E-4
3.31E-4
3.33E-4
3.31E-4
3.28E-4
3.3E-4
3.35E-4
3.35E-4
3.35E-4
3.34E-4
3.33E-4
3.33E-4
3.32E-4
3.3E-4
3.33E-4
3.33E-4
3.31E-4
3.28E-4
3.27E-4
3.29E-4
3.33E-4
3.34E-4
3.33E-4
3.3E-4
3.29E-4
3.31E-4
3.35E-4
3.35E-4
3.33E-4
3.3E-4
3.27E-4
3.29E-4
3.32E-4
3.31E-4
3.32E-4
3.34E-4
3.34E-4
3.32E-4
3.3E-4
3.3E-4
3.33E-4
3.34E-4
3.31E-4
3.29E-4
3.28E-4
3.3E-4
3.32E-4
3.32E-4
3.33E-4
3.34E-4
3.32E-4
3.32E-4
3.3E-4
3.27E-4
3.29E-4
3.33E-4
3.32E-4
3.3E-4
3.3E-4
3.31E-4
3.35E-4
3.37E-4
3.34E-4
3.3E-4
3.31E-4
3.33E-4
3.32E-4
3.31E-4
3.31E-4
3.32E-4
3.35E-4
3.36E-4
3.32E-4
3.32E-4
3.35E-4
3.35E-4
3.32E-4
3.29E-4
3.29E-4
3.31E-4
3.33E-4
3.31E-4
3.32E-4
3.35E-4
3.34E-4
3.33E-4
3.34E-4
3.33E-4
3.33E-4
3.32E-4
3.31E-4
3.32E-4
3.3E-4
3.3E-4
3.33E-4
3.33E-4
3.32E-4
3.3E-4
3.29E-4
3.32E-4
3.33E-4
3.32E-4
3.32E-4
3.32E-4
3.3E-4
3.3E-4
3.32E-4
3.35E-4
3.37E-4
3.34E-4
3.33E-4
3.35E-4
3.34E-4
3.33E-4
3.33E-4
3.3E-4
3.26E-4
3.24E-4
3.26E-4
3.31E-4
3.34E-4
3.36E-4
3.39E-4
3.38E-4
3.33E-4
3.29E-4
3.32E-4
3.35E-4
3.34E-4
3.32E-4
3.29E-4
3.28E-4
3.28E-4
3.32E-4
3.37E-4
3.38E-4
3.35E-4
3.32E-4
3.29E-4
3.29E-4
3.29E-4
3.3E-4
3.34E-4
3.38E-4
3.37E-4
3.36E-4
3.35E-4
3.33E-4
3.34E-4
3.34E-4
3.32E-4
3.31E-4
3.28E-4
3.28E-4
3.31E-4
3.34E-4
3.35E-4
3.34E-4
3.33E-4
3.33E-4
3.34E-4
3.34E-4
3.32E-4
3.31E-4
3.3E-4
3.29E-4
3.3E-4
3.34E-4
3.38E-4
3.39E-4
3.35E-4
3.32E-4
3.31E-4
3.33E-4
3.35E-4
3.36E-4
3.34E-4
3.29E-4
3.25E-4
3.26E-4
3.28E-4
3.29E-4
3.32E-4
3.34E-4
3.37E-4
3.42E-4
3.42E-4
3.39E-4
3.35E-4
3.33E-4
3.28E-4
3.24E-4
3.23E-4
3.26E-4
3.3E-4
3.33E-4
3.36E-4
3.38E-4
3.38E-4
3.36E-4
3.33E-4
3.31E-4
3.33E-4
3.32E-4
3.29E-4
3.28E-4
3.28E-4
3.3E-4
3.34E-4
3.37E-4
3.37E-4
3.34E-4
3.29E-4
3.29E-4
3.31E-4
3.32E-4
3.33E-4
3.34E-4
3.32E-4
3.31E-4
3.32E-4
3.32E-4
3.33E-4
3.32E-4
3.3E-4
3.3E-4
3.33E-4
3.34E-4
3.33E-4
3.3E-4
3.29E-4
3.32E-4
3.33E-4
3.33E-4
3.34E-4
3.34E-4
3.32E-4
3.31E-4
3.3E-4
3.31E-4
3.32E-4
3.3E-4
3.3E-4
3.32E-4
3.33E-4
3.33E-4
3.31E-4
3.32E-4
3.34E-4
3.36E-4
3.36E-4
3.34E-4
3.34E-4
3.33E-4
3.29E-4
3.29E-4
3.32E-4
3.3E-4
3.31E-4
3.35E-4
3.35E-4
3.34E-4
3.35E-4
3.34E-4
3.32E-4
3.32E-4
3.32E-4
3.34E-4
3.33E-4
3.31E-4
3.32E-4
3.33E-4
3.3E-4
3.29E-4
3.34E-4
3.35E-4
3.32E-4
3.29E-4
3.3E-4
3.35E-4
3.35E-4
3.29E-4
3.31E-4
3.35E-4
3.33E-4
3.31E-4
3.33E-4
3.33E-4
3.32E-4
3.3E-4
3.29E-4
3.33E-4
3.33E-4
3.32E-4
3.32E-4
3.3E-4
3.29E-4
3.29E-4
3.29E-4
3.3E-4
3.33E-4
3.34E-4
3.34E-4
3.32E-4
3.31E-4
3.32E-4
3.34E-4
3.35E-4
3.35E-4
3.34E-4
3.34E-4
3.33E-4
3.32E-4
3.33E-4
3.33E-4
3.32E-4
3.32E-4
3.32E-4
3.3E-4
3.31E-4
3.32E-4
3.33E-4
3.35E-4
3.34E-4
3.32E-4
3.33E-4
3.37E-4
3.39E-4
3.36E-4
3.33E-4
3.34E-4
3.32E-4
3.29E-4
3.3E-4
3.32E-4
3.3E-4
3.31E-4
3.34E-4
3.32E-4
3.3E-4
3.32E-4
3.35E-4
3.37E-4
3.32E-4
3.28E-4
3.3E-4
3.33E-4
3.33E-4
3.34E-4
3.33E-4
3.31E-4
3.31E-4
3.32E-4
3.32E-4
3.33E-4
3.33E-4
3.32E-4
3.3E-4
3.3E-4
3.32E-4
3.34E-4
3.35E-4
3.35E-4
3.34E-4
3.33E-4
3.32E-4
3.33E-4
3.34E-4
3.34E-4
